3 0 23
5 0 23
9 0 17
11 0 23
2070 0 14
7 0 21
166 0 23
168 0 23
67 0 22
431 0 14
984 0 14
1466 0 15
1525 0 23
1536 0 14
4 1 17
12 1 23
13 1 15
68 1 17
6 2 15
167 2 18
0 3 23
5 3 23
9 3 17
11 3 23
2070 3 14
7 3 21
166 3 23
168 3 23
67 3 22
431 3 14
984 3 14
1466 3 15
1525 3 23
1536 3 14
1 4 17
6 4 15
8 4 14
12 4 17
13 4 14
68 4 20
1861 4 15
0 5 23
3 5 23
9 5 17
11 5 23
2070 5 14
7 5 21
166 5 23
168 5 23
67 5 22
431 5 14
984 5 14
1466 5 15
1525 5 23
1536 5 14
2 6 15
4 6 15
167 6 14
0 7 21
3 7 21
5 7 21
9 7 15
11 7 21
166 7 21
168 7 21
67 7 20
431 7 16
1466 7 17
1525 7 21
4 8 14
10 8 15
0 9 17
3 9 17
5 9 17
11 9 17
2069 9 14
7 9 15
166 9 17
168 9 17
67 9 17
431 9 14
1413 9 14
1466 9 18
1525 9 17
8 10 15
0 11 23
3 11 23
5 11 23
9 11 17
2070 11 14
7 11 21
166 11 23
168 11 23
67 11 22
431 11 14
984 11 14
1466 11 15
1525 11 23
1536 11 14
1 12 23
4 12 17
13 12 15
68 12 17
1 13 15
4 13 14
12 13 15
68 13 14
743 13 15
752 13 15
16 14 20
171 14 23
251 14 22
2354 14 15
379 14 15
444 14 20
517 14 14
1552 14 15
1949 14 15
14 16 20
171 16 20
251 16 20
2354 16 15
379 16 15
444 16 18
517 16 14
1552 16 14
1949 16 14
441 17 15
27 18 21
61 18 20
82 18 21
263 18 18
487 18 14
385 18 20
451 18 14
461 18 14
472 18 14
476 18 14
484 18 17
490 18 15
500 18 15
463 18 20
1261 18 14
204 19 15
1021 19 14
383 20 23
1761 20 15
361 21 14
24 22 18
26 22 18
25 23 22
22 24 18
26 24 21
23 25 22
22 26 18
24 26 21
18 27 21
61 27 18
82 27 21
263 27 20
271 27 14
487 27 14
301 27 14
303 27 14
305 27 14
385 27 18
451 27 14
461 27 14
472 27 14
476 27 14
484 27 15
463 27 20
941 27 14
1873 27 14
606 29 16
2110 30 15
1778 30 15
173 33 21
174 34 23
187 34 18
1277 34 23
37 35 23
627 35 14
35 37 23
627 37 14
54 39 15
59 39 21
295 39 15
307 39 20
554 39 18
42 40 22
890 40 22
925 40 15
1478 40 15
289 41 22
40 42 22
890 42 23
925 42 16
1478 42 15
175 44 15
149 45 14
176 45 23
523 45 14
556 46 14
789 46 17
1064 46 20
1366 48 15
2101 49 14
76 49 20
266 49 20
100 50 23
102 50 23
177 50 23
287 50 23
103 51 20
288 51 23
59 54 17
39 54 15
295 54 15
307 54 15
554 54 17
663 56 17
2128 57 14
2157 58 16
54 59 17
39 59 21
295 59 15
307 59 20
554 59 20
2208 60 14
18 61 20
27 61 18
82 61 18
263 61 20
317 61 15
385 61 20
484 61 17
490 61 14
500 61 14
463 61 18
1261 61 14
1493 62 15
543 63 14
122 65 14
124 65 15
736 65 16
0 67 22
3 67 22
5 67 22
9 67 17
11 67 22
7 67 20
166 67 22
168 67 22
1466 67 15
1525 67 22
1 68 17
4 68 20
12 68 17
13 68 14
71 69 23
281 69 20
282 70 17
69 71 23
281 71 20
207 74 14
77 75 14
49 76 20
266 76 23
1778 76 14
75 77 14
84 79 23
379 79 14
1188 79 14
2535 80 17
18 82 21
27 82 21
61 82 18
263 82 18
487 82 14
385 82 18
451 82 14
461 82 14
472 82 14
476 82 14
484 82 15
463 82 20
1350 83 17
79 84 23
379 84 14
1188 84 14
252 85 17
146 86 21
2338 88 15
374 88 23
2338 89 15
1053 89 19
2117 90 14
2278 91 15
2073 92 15
129 92 20
130 93 23
822 93 14
1048 93 15
812 94 15
813 95 20
2235 97 14
225 97 23
1235 98 18
211 99 17
357 99 17
50 100 23
102 100 23
177 100 23
287 100 23
2168 101 18
2196 101 18
178 101 14
2234 101 14
2252 101 22
267 101 18
2522 101 14
1084 101 14
1338 101 14
1349 101 14
1494 101 14
1561 101 14
50 102 23
100 102 23
177 102 23
287 102 23
51 103 20
288 103 20
109 108 20
1731 108 15
108 109 20
628 109 14
1731 109 15
112 110 23
110 112 23
275 114 18
389 114 20
694 114 18
1984 114 14
118 116 17
120 116 22
446 116 17
1220 116 15
1282 117 14
1930 117 14
116 118 17
120 118 17
446 118 23
1220 118 15
260 119 17
1415 119 15
116 120 22
118 120 17
446 120 17
1220 120 15
143 121 15
65 122 14
1513 122 14
615 123 14
65 124 15
2225 127 14
2073 129 17
92 129 20
203 129 14
93 130 23
822 130 14
1048 130 15
2262 131 14
153 131 15
139 133 23
512 133 17
649 133 14
644 134 14
1151 134 14
1605 134 18
2483 137 15
1116 137 14
133 139 23
512 139 17
649 139 14
2296 140 14
2176 140 14
1043 140 17
1437 140 16
963 141 15
190 142 20
121 143 15
760 145 15
1275 145 20
86 146 21
45 149 14
176 149 14
186 149 17
1327 149 15
2291 150 15
530 150 14
818 150 14
173 152 14
131 153 15
2209 154 17
529 154 14
1847 154 17
2567 156 17
1732 156 14
159 157 17
1080 157 14
157 159 17
1080 159 14
208 161 14
1691 161 14
502 163 15
1531 163 14
268 164 17
605 164 15
256 165 22
388 165 17
2 167 18
6 167 14
253 170 22
634 170 15
14 171 23
16 171 20
251 171 22
2354 171 15
379 171 15
444 171 20
517 171 14
1552 171 15
1949 171 15
33 173 21
152 173 14
34 174 23
187 174 18
1277 174 23
44 175 15
45 176 23
149 176 14
523 176 14
50 177 23
100 177 23
102 177 23
287 177 23
2108 178 14
101 178 14
2202 178 15
2234 178 17
2236 178 15
2252 178 14
267 178 15
2326 178 19
2522 178 20
970 178 17
1151 178 14
1338 178 22
1349 178 22
1494 178 22
1883 178 14
2256 179 14
1623 179 14
2111 182 15
526 182 17
218 183 23
864 183 14
1196 183 17
1202 183 15
1756 183 14
149 186 17
1327 186 15
1926 186 15
34 187 18
174 187 18
1071 187 14
1277 187 18
280 188 20
286 188 22
741 188 18
809 188 22
1170 188 23
1308 188 17
678 189 15
196 191 14
368 192 21
354 193 20
942 195 15
191 196 14
969 197 14
524 197 14
788 198 16
1967 200 14
269 201 23
388 201 14
1992 202 15
129 203 14
2073 203 14
1700 203 14
19 204 15
2056 205 21
1826 205 17
74 207 14
356 210 15
357 211 20
459 211 15
465 211 15
504 211 15
99 211 17
1651 211 15
387 212 14
2013 212 14
1664 214 15
1894 216 15
864 218 14
183 218 23
1196 218 17
1202 218 15
1756 218 14
2149 219 14
1465 220 14
97 225 23
2235 225 14
2317 226 14
1031 226 17
1107 226 14
351 227 14
428 231 23
2491 231 22
602 231 14
1372 231 14
1537 231 15
2086 233 14
1764 233 14
1869 233 14
2246 234 15
2442 234 17
2468 234 14
1749 234 17
1840 234 17
1060 235 14
416 237 17
546 237 17
336 238 14
417 238 20
763 240 15
1184 240 21
1602 240 16
412 241 15
1278 241 16
1451 241 19
1569 241 16
2304 243 16
2409 244 15
510 244 15
649 244 15
1244 244 15
1252 244 14
1095 245 14
792 246 23
443 249 19
14 251 22
16 251 20
171 251 22
2354 251 16
379 251 15
444 251 20
517 251 14
594 251 14
1552 251 14
1949 251 14
85 252 17
170 253 22
634 253 15
729 254 21
730 254 21
982 254 21
1146 254 15
1427 254 20
268 255 15
605 255 15
165 256 22
388 256 17
119 260 17
1415 260 18
1769 260 14
1181 262 15
1502 262 15
1779 262 16
2014 262 14
18 263 18
27 263 20
61 263 20
82 263 18
317 263 15
385 263 18
484 263 15
463 263 18
1873 263 14
49 266 20
76 266 23
1778 266 14
101 267 18
178 267 15
2234 267 16
2236 267 14
2252 267 17
2468 267 15
2522 267 15
2579 267 15
2149 267 14
1084 267 15
1122 267 14
1338 267 15
1349 267 15
1494 267 15
164 268 17
255 268 15
201 269 23
388 269 14
27 271 14
2152 271 14
301 271 23
303 271 23
305 271 23
317 271 15
319 271 20
451 271 21
457 271 15
461 271 21
472 271 21
476 271 21
487 271 20
941 271 23
942 271 14
1646 272 14
275 273 14
2462 273 15
694 273 14
744 273 22
1021 273 18
276 274 15
114 275 18
273 275 14
389 275 20
694 275 22
744 275 15
274 276 15
401 277 14
1515 278 14
1622 278 14
2382 278 15
327 279 14
808 279 17
188 280 20
286 280 20
741 280 20
772 280 14
809 280 20
1170 280 20
1308 280 17
69 281 20
71 281 20
70 282 17
2054 284 18
1390 284 17
1533 284 17
1785 284 17
859 285 16
188 286 22
280 286 20
741 286 18
809 286 23
1170 286 22
1308 286 17
50 287 23
100 287 23
102 287 23
177 287 23
51 288 23
103 288 20
41 289 22
337 290 15
2127 290 14
512 292 16
1252 292 17
397 293 18
2167 294 15
2208 294 16
1353 294 14
54 295 15
59 295 15
39 295 15
307 295 17
554 295 15
558 295 17
298 296 20
2552 296 16
2577 296 15
1162 296 14
1910 296 15
299 297 21
296 298 20
2552 298 15
2577 298 14
1162 298 14
1910 298 15
297 299 21
304 300 23
27 301 14
2152 301 14
271 301 23
303 301 23
305 301 23
317 301 15
319 301 20
451 301 21
457 301 15
461 301 21
472 301 21
476 301 21
487 301 20
941 301 23
942 301 14
27 303 14
2152 303 14
271 303 23
301 303 23
305 303 23
317 303 15
319 303 20
451 303 21
457 303 15
461 303 21
472 303 21
476 303 21
487 303 20
941 303 23
942 303 14
300 304 23
27 305 14
2152 305 14
271 305 23
301 305 23
303 305 23
317 305 15
319 305 20
451 305 21
457 305 15
461 305 21
472 305 21
476 305 21
487 305 20
941 305 23
942 305 14
54 307 15
59 307 20
39 307 20
295 307 17
554 307 18
407 308 21
324 309 18
408 309 18
703 311 17
805 311 14
1399 311 14
2005 311 14
2026 311 14
2463 313 15
318 314 14
638 314 16
1794 314 14
455 315 14
1795 315 15
318 316 16
61 317 15
263 317 15
271 317 15
487 317 17
301 317 15
303 317 15
305 317 15
319 317 15
451 317 17
459 317 14
461 317 17
465 317 14
472 317 17
476 317 17
504 317 14
941 317 15
314 318 14
316 318 16
638 318 15
1794 318 15
2152 319 14
271 319 20
301 319 20
303 319 20
305 319 20
317 319 15
451 319 20
457 319 14
461 319 20
463 319 15
472 319 20
476 319 20
487 319 20
941 319 20
805 320 21
1914 320 14
309 324 18
408 324 23
2054 325 15
702 325 14
279 327 14
864 327 14
376 328 20
751 328 23
1055 328 23
1173 328 23
1409 328 23
1414 328 23
1420 328 14
1470 328 23
1565 328 17
2063 328 14
2064 328 14
2552 328 14
1459 329 14
1726 329 18
332 330 15
699 330 20
1519 330 16
564 331 16
330 332 15
699 332 14
1371 332 14
888 333 14
479 334 14
486 334 14
743 334 14
752 334 14
770 334 23
439 335 14
238 336 14
290 337 15
1481 337 14
2331 340 15
351 341 20
758 341 15
1149 341 16
1246 341 14
1675 341 14
874 342 14
2433 344 17
2159 345 15
437 349 14
1119 349 14
1711 349 15
795 350 17
227 351 14
341 351 20
758 351 15
1149 351 15
1246 351 15
1675 351 15
728 352 23
1052 352 14
803 353 15
193 354 20
210 356 15
2425 356 15
211 357 20
459 357 17
465 357 17
482 357 14
488 357 14
499 357 14
504 357 17
99 357 17
1651 357 15
2258 359 14
1246 359 14
21 361 14
1417 363 15
2173 364 14
192 368 21
1756 371 14
88 374 23
2338 374 15
328 376 20
751 376 20
1055 376 20
1173 376 20
1409 376 20
1414 376 20
1470 376 20
1565 376 18
846 377 15
1043 377 14
1134 377 15
14 379 15
16 379 15
79 379 14
84 379 14
171 379 15
251 379 15
2354 379 15
444 379 17
1664 382 17
20 383 23
1761 383 15
825 384 15
18 385 20
27 385 18
61 385 20
82 385 18
263 385 18
484 385 18
490 385 14
500 385 14
463 385 18
1261 385 14
1761 385 16
2534 386 15
212 387 14
165 388 17
201 388 14
256 388 17
269 388 14
114 389 20
275 389 20
694 389 21
1984 389 14
516 391 16
1005 391 15
1037 391 14
1785 396 14
2128 399 15
1657 399 15
277 401 14
437 405 17
704 405 14
1119 405 17
2550 407 15
308 407 21
309 408 18
324 408 23
1093 411 15
1241 411 14
1499 411 15
1918 411 18
241 412 15
1143 412 14
1451 412 16
2444 412 17
541 413 15
2009 413 15
2480 415 14
1585 415 15
237 416 17
546 416 23
238 417 20
547 417 14
1791 422 15
1301 423 14
1364 423 14
2232 424 14
231 428 23
2491 428 22
602 428 14
1372 428 14
1537 428 15
2148 429 16
2275 429 14
2543 429 14
1116 429 14
0 431 14
3 431 14
5 431 14
7 431 16
9 431 14
11 431 14
166 431 14
168 431 14
1466 431 16
1525 431 14
709 432 14
349 437 14
405 437 17
1119 437 23
2007 440 18
17 441 15
249 443 19
780 443 14
14 444 20
16 444 18
171 444 20
251 444 20
2354 444 15
379 444 17
2229 445 15
1068 445 14
1406 445 14
1907 445 14
116 446 17
118 446 23
120 446 17
1220 446 15
457 449 14
18 451 14
27 451 14
82 451 14
2152 451 14
271 451 21
487 451 22
301 451 21
303 451 21
305 451 21
317 451 17
319 451 20
457 451 15
459 451 14
461 451 23
465 451 15
472 451 23
476 451 23
494 451 14
504 451 15
463 451 15
941 451 21
454 452 21
1075 452 15
2171 453 14
455 453 15
664 453 15
1418 453 14
452 454 21
1075 454 15
483 456 14
271 457 15
301 457 15
303 457 15
305 457 15
319 457 14
2447 457 15
449 457 14
451 457 15
461 457 15
472 457 15
476 457 15
487 457 14
455 457 14
941 457 15
1099 457 14
460 458 14
462 458 14
464 458 23
466 458 14
468 458 23
470 458 23
474 458 23
475 458 23
493 458 23
497 458 23
501 458 23
503 458 23
211 459 15
487 459 15
317 459 14
357 459 17
451 459 14
461 459 14
465 459 22
472 459 14
476 459 14
482 459 14
488 459 14
499 459 14
504 459 22
1651 459 15
458 460 14
464 460 14
466 460 23
468 460 14
470 460 14
474 460 14
475 460 14
493 460 14
497 460 14
501 460 14
503 460 14
18 461 14
27 461 14
82 461 14
2152 461 14
271 461 21
487 461 22
301 461 21
303 461 21
305 461 21
317 461 17
319 461 20
451 461 23
457 461 15
459 461 14
465 461 15
472 461 23
476 461 23
494 461 14
504 461 15
463 461 15
941 461 21
464 462 14
468 462 14
470 462 14
474 462 14
475 462 14
493 462 14
497 462 14
503 462 14
458 462 14
501 462 14
18 463 20
27 463 20
61 463 18
82 463 20
263 463 18
487 463 15
319 463 15
385 463 18
451 463 15
461 463 15
472 463 15
476 463 15
484 463 15
496 463 14
471 463 14
460 464 14
462 464 14
466 464 14
468 464 23
470 464 23
474 464 23
475 464 23
493 464 23
497 464 23
501 464 23
503 464 23
458 464 23
211 465 15
487 465 14
317 465 14
357 465 17
451 465 15
459 465 22
461 465 15
472 465 15
476 465 15
482 465 15
488 465 15
499 465 15
504 465 23
1651 465 15
458 466 14
460 466 23
464 466 14
468 466 14
470 466 14
474 466 14
475 466 14
493 466 14
497 466 14
501 466 14
503 466 14
469 467 14
471 467 16
478 467 14
480 467 23
496 467 16
498 467 14
460 468 14
462 468 14
464 468 23
466 468 14
470 468 23
474 468 23
475 468 23
493 468 23
497 468 23
501 468 23
503 468 23
458 468 23
467 469 14
471 469 14
496 469 14
480 469 14
460 470 14
462 470 14
464 470 23
466 470 14
468 470 23
474 470 23
475 470 23
493 470 23
497 470 23
501 470 23
503 470 23
458 470 23
467 471 16
2517 471 14
473 471 18
478 471 21
480 471 16
494 471 15
496 471 23
498 471 21
463 471 14
469 471 14
18 472 14
27 472 14
82 472 14
2152 472 14
271 472 21
487 472 22
301 472 21
303 472 21
305 472 21
317 472 17
319 472 20
451 472 23
457 472 15
459 472 14
461 472 23
465 472 15
476 472 23
494 472 14
504 472 15
463 472 15
941 472 21
471 473 18
478 473 20
496 473 18
498 473 20
460 474 14
462 474 14
464 474 23
466 474 14
468 474 23
470 474 23
475 474 23
493 474 23
497 474 23
501 474 23
503 474 23
458 474 23
460 475 14
462 475 14
464 475 23
466 475 14
468 475 23
470 475 23
474 475 23
493 475 23
497 475 23
501 475 23
503 475 23
458 475 23
18 476 14
27 476 14
82 476 14
2152 476 14
271 476 21
487 476 22
301 476 21
303 476 21
305 476 21
317 476 17
319 476 20
451 476 23
457 476 15
459 476 14
461 476 23
465 476 15
472 476 23
494 476 14
504 476 15
463 476 15
941 476 21
1290 477 14
467 478 14
471 478 21
473 478 20
480 478 14
494 478 15
496 478 21
498 478 23
334 479 14
486 479 23
495 479 15
505 479 15
746 479 15
770 479 14
467 480 23
469 480 14
471 480 16
478 480 14
496 480 16
498 480 14
357 482 14
459 482 14
465 482 15
488 482 23
499 482 23
504 482 15
456 483 14
2016 483 15
18 484 17
27 484 15
61 484 17
82 484 15
263 484 15
385 484 18
463 484 15
1261 484 14
334 486 14
479 486 23
495 486 15
505 486 15
746 486 15
770 486 14
18 487 14
27 487 14
82 487 14
2152 487 14
271 487 20
301 487 20
303 487 20
305 487 20
317 487 17
319 487 20
451 487 22
457 487 14
459 487 15
461 487 22
465 487 14
472 487 22
476 487 22
504 487 14
463 487 15
941 487 20
357 488 14
459 488 14
465 488 15
482 488 23
499 488 23
504 488 15
591 489 15
18 490 15
61 490 14
385 490 14
500 490 23
2078 490 14
1067 490 14
1327 490 14
1579 490 14
1151 491 17
2509 492 23
507 492 23
460 493 14
462 493 14
464 493 23
466 493 14
468 493 23
470 493 23
474 493 23
475 493 23
497 493 23
501 493 23
503 493 23
458 493 23
451 494 14
461 494 14
471 494 15
472 494 14
476 494 14
478 494 15
496 494 15
498 494 15
479 495 15
486 495 15
505 495 23
2000 495 14
467 496 16
2517 496 14
473 496 18
478 496 21
480 496 16
494 496 15
498 496 21
463 496 14
469 496 14
471 496 23
460 497 14
462 497 14
464 497 23
466 497 14
468 497 23
470 497 23
474 497 23
475 497 23
493 497 23
501 497 23
503 497 23
458 497 23
467 498 14
471 498 21
473 498 20
478 498 23
480 498 14
494 498 15
496 498 21
357 499 14
459 499 14
465 499 15
482 499 23
488 499 23
504 499 15
18 500 15
61 500 14
385 500 14
490 500 23
2078 500 14
1067 500 14
1327 500 14
1579 500 14
460 501 14
462 501 14
464 501 23
466 501 14
468 501 23
470 501 23
474 501 23
475 501 23
493 501 23
497 501 23
503 501 23
458 501 23
163 502 15
460 503 14
462 503 14
464 503 23
466 503 14
468 503 23
470 503 23
474 503 23
475 503 23
493 503 23
497 503 23
501 503 23
458 503 23
211 504 15
487 504 14
317 504 14
357 504 17
451 504 15
459 504 22
461 504 15
465 504 23
472 504 15
476 504 15
482 504 15
488 504 15
499 504 15
1651 504 15
479 505 15
486 505 15
495 505 23
2000 505 14
2509 507 23
492 507 23
2503 508 14
1827 508 14
2481 509 18
1800 509 17
244 510 15
1252 510 15
515 511 15
133 512 17
139 512 17
292 512 16
1252 512 16
515 513 17
1051 513 15
1252 514 15
391 516 16
1037 516 15
2583 516 15
14 517 14
16 517 14
171 517 14
251 517 14
796 517 17
1660 518 18
2290 521 15
1096 521 14
197 524 14
969 524 23
1258 524 15
2127 525 17
558 527 15
154 529 14
2209 529 14
1847 529 14
1167 533 14
1167 535 17
2261 537 14
1011 537 14
413 541 15
63 543 14
237 546 17
416 546 23
417 547 14
570 548 17
54 554 17
59 554 20
39 554 18
295 554 15
307 554 18
46 556 14
1064 556 14
295 558 17
527 558 15
2074 560 17
2586 560 15
599 560 17
619 560 17
640 560 17
689 560 17
876 560 17
937 560 17
946 560 17
1130 560 15
1388 560 17
1407 560 17
1410 560 17
1429 560 17
1440 560 17
1500 560 15
1567 560 17
1906 560 17
1955 560 17
1957 560 17
1959 560 17
1983 560 17
2003 560 14
1969 562 14
331 564 16
635 566 14
548 570 17
2074 572 16
2539 572 17
599 572 16
619 572 16
640 572 16
689 572 16
876 572 16
946 572 16
1407 572 16
1410 572 16
1429 572 16
1440 572 16
1455 572 23
1475 572 23
1567 572 16
1580 572 14
1906 572 16
1955 572 16
1957 572 16
1959 572 16
1983 572 16
2003 572 14
1216 573 14
2078 576 14
1067 576 14
1270 576 15
2256 577 14
1299 577 16
1623 577 14
1656 579 18
1225 580 14
1504 580 14
1816 581 18
1964 585 17
489 591 15
1117 591 15
1027 592 15
2563 592 14
2038 593 14
251 594 14
2079 596 14
1767 596 15
1958 596 14
2074 599 21
2586 599 15
560 599 17
572 599 16
619 599 21
640 599 21
689 599 21
876 599 21
892 599 15
925 599 14
937 599 18
946 599 21
1130 599 15
1388 599 18
1407 599 21
1410 599 21
1429 599 21
1440 599 21
1455 599 16
1475 599 16
1500 599 15
1567 599 21
1906 599 21
1955 599 21
1957 599 21
1959 599 21
1983 599 21
2003 599 18
1142 601 14
1697 601 17
1728 601 15
231 602 14
428 602 14
2491 602 14
723 604 23
737 604 17
164 605 15
255 605 15
820 605 14
29 606 16
2287 611 14
701 611 14
1155 611 14
1245 611 15
2223 614 15
123 615 14
2373 615 15
1230 615 14
2074 619 21
2586 619 15
560 619 17
572 619 16
599 619 21
640 619 21
689 619 21
876 619 21
892 619 15
925 619 14
937 619 18
946 619 21
1130 619 15
1388 619 18
1407 619 21
1410 619 21
1429 619 21
1440 619 21
1455 619 16
1475 619 16
1500 619 15
1567 619 21
1906 619 21
1955 619 21
1957 619 21
1959 619 21
1983 619 21
2003 619 18
2558 623 14
1517 626 14
35 627 14
37 627 14
109 628 14
2170 629 15
2362 629 14
1613 629 16
1463 630 14
1581 631 14
2426 632 15
1052 632 15
879 633 15
1141 633 18
1509 633 15
1936 633 16
2163 633 15
2398 633 21
170 634 15
253 634 15
566 635 14
314 638 16
318 638 15
1794 638 15
2074 640 21
2586 640 15
560 640 17
572 640 16
599 640 21
619 640 21
689 640 21
876 640 21
892 640 15
925 640 14
937 640 18
946 640 21
1130 640 15
1388 640 18
1407 640 21
1410 640 21
1429 640 21
1440 640 21
1455 640 16
1475 640 16
1500 640 15
1567 640 21
1906 640 21
1955 640 21
1957 640 21
1959 640 21
1983 640 21
2003 640 18
2090 644 15
2104 644 15
134 644 14
2390 644 14
2533 645 14
934 646 18
1561 646 14
133 649 14
139 649 14
244 649 15
1252 649 16
1465 651 15
2242 652 16
2432 652 14
2429 654 20
1416 654 15
823 655 14
1333 658 14
1514 658 14
1197 661 15
2207 662 15
519 662 14
1301 662 15
56 663 17
1915 663 14
453 664 15
455 664 18
854 665 14
1245 665 18
1273 667 15
2224 668 20
782 668 14
1079 668 15
1207 668 15
1420 670 14
1272 674 22
2461 675 15
2329 675 14
1402 676 22
189 678 15
2251 680 14
2354 680 14
739 680 18
1916 680 17
2334 681 14
1264 684 17
1676 684 14
1687 684 15
1721 687 17
1943 687 14
2074 689 21
2586 689 15
560 689 17
572 689 16
599 689 21
619 689 21
640 689 21
876 689 21
892 689 15
925 689 14
937 689 18
946 689 21
1130 689 15
1388 689 18
1407 689 21
1410 689 21
1429 689 21
1440 689 21
1455 689 16
1475 689 16
1500 689 15
1567 689 21
1906 689 21
1955 689 21
1957 689 21
1959 689 21
1983 689 21
2003 689 18
2587 690 16
1960 690 14
1028 691 14
1145 691 14
1577 693 14
114 694 18
273 694 14
275 694 22
389 694 21
744 694 15
330 699 20
332 699 14
1519 699 16
2396 700 14
782 700 17
611 701 14
648 701 15
1245 701 14
325 702 14
1685 702 14
311 703 17
1399 703 17
2236 708 15
432 709 14
1529 715 14
1929 716 15
1526 717 17
2519 719 14
2332 719 14
604 723 23
737 723 17
1990 724 14
2344 726 17
2392 726 14
1052 726 15
352 728 23
1052 728 14
254 729 21
730 729 21
982 729 21
1146 729 15
1427 729 20
254 730 21
729 730 21
982 730 21
1146 730 15
1427 730 20
1131 731 14
1502 732 16
1779 732 14
877 735 15
928 735 16
1439 735 15
1458 735 15
1568 735 15
1956 735 15
65 736 16
2082 738 15
2251 739 14
680 739 18
1916 739 22
188 741 18
280 741 20
286 741 18
772 741 15
809 741 18
1170 741 18
1308 741 15
1322 742 15
13 743 15
334 743 14
752 743 21
770 743 14
273 744 22
275 744 15
2462 744 15
694 744 15
1021 744 18
1856 747 14
773 748 15
2270 749 15
2464 749 14
2494 749 14
2393 750 14
2544 750 14
847 750 14
1373 750 14
1578 750 14
328 751 23
376 751 20
1055 751 23
1173 751 23
1409 751 23
1414 751 23
1420 751 14
1470 751 23
1565 751 17
2063 751 14
2064 751 14
2552 751 14
13 752 15
334 752 14
743 752 21
770 752 14
1516 753 19
1522 753 16
1892 753 15
2033 753 14
2543 755 15
341 758 15
351 758 15
1044 758 18
1761 761 18
1782 761 14
2252 763 14
2270 763 14
240 763 15
2468 763 14
1184 763 15
1360 763 14
1602 763 15
1677 763 15
1716 764 17
1977 764 14
791 765 15
1479 765 15
1855 767 14
1335 769 14
334 770 23
479 770 14
486 770 14
743 770 14
752 770 14
2128 771 14
1195 771 14
280 772 14
741 772 15
2133 773 14
748 773 15
443 780 14
1965 780 15
2396 782 14
668 782 14
700 782 17
1079 782 14
1085 782 16
1764 783 15
2086 783 15
884 787 15
1111 787 15
1258 787 15
198 788 16
46 789 17
1064 789 15
765 791 15
246 792 23
350 795 17
517 796 17
1919 798 14
1738 799 15
2184 801 18
1467 801 15
1735 801 16
353 803 15
311 805 14
320 805 21
1914 805 15
279 808 17
188 809 22
280 809 20
286 809 23
741 809 18
1170 809 22
1308 809 17
94 812 15
95 813 20
1179 814 18
1993 814 15
2129 814 18
2424 814 15
1257 815 14
760 816 14
1396 819 15
605 820 14
1274 820 14
1872 820 16
93 822 14
130 822 14
655 823 14
384 825 15
2449 825 14
1179 826 15
1674 826 15
2380 827 14
1246 827 14
2423 830 16
1059 832 14
2485 838 20
1433 838 14
1098 843 14
852 844 14
2344 846 14
377 846 15
2393 847 14
750 847 14
1578 847 14
2222 848 16
2308 850 17
1069 850 15
1129 850 14
1346 850 14
844 852 14
2117 853 15
665 854 14
2184 855 14
2232 855 20
2436 855 14
1151 855 15
2130 856 15
845 856 19
1818 858 14
285 859 16
1511 860 16
2425 861 14
2256 862 16
1623 862 16
1805 862 23
183 864 14
218 864 14
327 864 14
1196 864 17
1616 864 14
1578 865 15
2126 867 14
2472 867 15
2486 869 14
760 869 14
2383 870 14
1815 871 15
2071 871 14
2098 871 15
1657 873 15
342 874 14
2074 876 21
2586 876 15
560 876 17
572 876 16
599 876 21
619 876 21
640 876 21
689 876 21
892 876 15
925 876 14
937 876 18
946 876 21
1130 876 15
1388 876 18
1407 876 21
1410 876 21
1429 876 21
1440 876 21
1455 876 16
1475 876 16
1500 876 15
1567 876 21
1906 876 21
1955 876 21
1957 876 21
1959 876 21
1983 876 21
2003 876 18
735 877 15
928 877 18
1072 877 14
1159 877 17
1439 877 19
1458 877 19
1476 877 17
1568 877 19
1956 877 19
2398 879 15
633 879 15
1047 879 14
1141 879 15
1936 879 18
1489 880 14
898 881 17
787 884 15
2227 885 15
857 885 15
2379 885 14
2586 886 14
2548 886 15
1130 886 14
1500 886 14
1995 886 21
2167 887 14
1505 887 21
333 888 14
2027 889 14
40 890 22
42 890 23
925 890 16
1478 890 15
1194 891 14
1846 891 14
2029 891 14
2074 892 15
599 892 15
619 892 15
640 892 15
689 892 15
876 892 15
946 892 15
1407 892 15
1410 892 15
1429 892 15
1440 892 15
1567 892 15
1906 892 15
1955 892 15
1957 892 15
1959 892 15
1969 892 14
1983 892 15
1178 893 15
1193 895 17
1229 897 15
881 898 17
920 899 21
1158 899 21
1477 899 21
921 900 14
2573 902 15
2064 903 15
1899 903 15
1920 903 14
2069 907 16
2145 907 14
2270 907 18
2324 907 14
2464 907 14
2468 907 14
1413 907 16
1444 907 14
1768 907 16
1840 907 14
1670 908 14
1360 913 14
1028 914 18
958 915 21
1340 917 14
899 920 21
1158 920 21
1477 920 21
900 921 14
1561 922 14
2300 923 14
2149 923 15
1698 923 17
2074 925 14
40 925 15
42 925 16
599 925 14
619 925 14
640 925 14
689 925 14
876 925 14
890 925 16
946 925 14
1407 925 14
1410 925 14
1429 925 14
1440 925 14
1567 925 14
1579 925 14
1906 925 14
1955 925 14
1957 925 14
1959 925 14
1983 925 14
735 928 16
877 928 18
1159 928 16
1439 928 18
1458 928 18
1476 928 16
1568 928 18
1956 928 18
1544 929 15
2552 933 15
1549 933 23
646 934 18
971 935 14
1527 935 17
1077 936 14
2074 937 18
2586 937 15
560 937 17
599 937 18
619 937 18
640 937 18
689 937 18
876 937 18
946 937 18
1130 937 15
1388 937 20
1407 937 18
1410 937 18
1429 937 18
1440 937 18
1500 937 15
1567 937 18
1906 937 18
1955 937 18
1957 937 18
1959 937 18
1983 937 18
2003 937 15
2075 938 14
1405 938 19
1421 938 16
1970 938 15
27 941 14
2152 941 14
271 941 23
301 941 23
303 941 23
305 941 23
317 941 15
319 941 20
451 941 21
457 941 15
461 941 21
472 941 21
476 941 21
487 941 20
942 941 14
195 942 15
271 942 14
301 942 14
303 942 14
305 942 14
941 942 14
1376 944 15
2074 946 21
2586 946 15
560 946 17
572 946 16
599 946 21
619 946 21
640 946 21
689 946 21
876 946 21
892 946 15
925 946 14
937 946 18
1130 946 15
1388 946 18
1407 946 21
1410 946 21
1429 946 21
1440 946 21
1455 946 16
1475 946 16
1500 946 15
1567 946 21
1906 946 21
1955 946 21
1957 946 21
1959 946 21
1983 946 21
2003 946 18
1113 947 14
1484 954 14
2255 955 14
2511 956 15
915 958 21
1842 959 15
1869 960 15
141 963 15
1722 963 15
1593 965 14
2505 966 14
523 966 16
968 966 15
966 968 15
1166 968 19
197 969 14
524 969 23
1258 969 15
2196 970 14
2326 970 17
2442 970 15
2522 970 15
178 970 17
1338 970 17
1349 970 17
1494 970 17
1768 970 15
1801 970 17
935 971 14
1547 973 14
1638 974 16
1788 974 15
1730 977 14
1888 977 14
1153 980 15
254 982 21
729 982 21
730 982 21
1146 982 15
1427 982 20
0 984 14
3 984 14
5 984 14
11 984 14
166 984 14
168 984 14
1525 984 14
1536 984 14
1682 984 15
1576 989 15
2100 990 20
2518 990 14
1481 990 16
1050 993 14
1985 993 15
2361 997 14
1035 997 14
1096 999 16
1611 999 14
2466 999 19
2465 1001 15
2483 1001 17
613 1001 14
1291 1001 14
391 1005 15
2323 1007 15
2483 1011 14
537 1011 14
2313 1012 14
1658 1012 14
2228 1013 14
1177 1013 14
2237 1014 15
2397 1014 15
1039 1016 15
1759 1016 15
2049 1018 17
2292 1021 14
273 1021 18
2100 1021 14
2462 1021 16
19 1021 14
744 1021 18
1682 1021 14
2239 1022 16
2301 1022 14
2439 1022 14
1834 1023 14
2352 1026 14
592 1027 15
691 1028 14
914 1028 18
226 1031 17
2317 1031 14
1107 1031 14
1416 1033 15
391 1037 14
2532 1037 15
516 1037 15
1293 1037 14
1356 1037 15
2296 1037 14
1016 1039 15
1310 1040 14
1436 1041 14
2394 1042 15
1360 1042 18
2062 1043 14
2065 1043 14
2066 1043 14
2069 1043 14
140 1043 17
2296 1043 14
377 1043 14
2426 1043 17
2494 1043 14
1413 1043 14
1536 1043 14
1898 1043 16
758 1044 18
1669 1045 18
2068 1045 15
2189 1046 15
2449 1046 15
1742 1046 14
1919 1046 15
879 1047 14
1335 1047 15
93 1048 15
130 1048 15
1973 1049 17
993 1050 14
1503 1050 15
513 1051 15
352 1052 14
632 1052 15
726 1052 15
728 1052 14
1696 1052 14
89 1053 19
2338 1053 15
328 1055 23
376 1055 20
751 1055 23
1173 1055 23
1409 1055 23
1414 1055 23
1420 1055 14
1470 1055 23
1565 1055 17
2063 1055 14
2064 1055 14
2552 1055 14
2576 1056 14
2029 1056 14
832 1059 14
1442 1059 16
235 1060 14
2496 1060 17
2020 1060 14
2507 1061 15
1178 1063 14
1737 1063 15
46 1064 20
556 1064 14
789 1064 15
2078 1067 20
490 1067 14
500 1067 14
576 1067 14
1261 1067 16
445 1068 14
1406 1068 19
1907 1068 19
1960 1068 15
2055 1069 16
2308 1069 15
850 1069 15
1852 1070 18
187 1071 14
2513 1072 14
877 1072 14
1439 1072 14
2503 1072 18
1458 1072 14
1568 1072 14
1956 1072 14
452 1075 15
454 1075 15
936 1077 14
2224 1079 17
668 1079 15
782 1079 14
157 1080 14
159 1080 14
1364 1083 20
101 1084 14
2202 1084 15
2252 1084 15
267 1084 15
2416 1084 17
782 1085 16
1452 1085 14
1832 1087 14
2143 1089 15
2155 1089 15
1584 1089 15
2404 1092 14
1168 1092 15
411 1093 15
1499 1093 23
1854 1093 17
245 1095 14
521 1096 14
999 1096 16
1249 1096 15
775 1097 14
843 1098 14
457 1099 14
2065 1104 15
2066 1104 15
2062 1104 15
1227 1104 15
1536 1104 18
226 1107 14
2317 1107 17
1031 1107 14
1326 1108 15
1824 1108 15
2229 1110 15
919 1110 17
787 1111 15
2546 1113 15
947 1113 14
1162 1113 15
1518 1113 14
1807 1113 14
2262 1114 17
137 1116 14
2275 1116 17
2279 1116 15
2465 1116 17
429 1116 14
613 1116 14
2543 1116 14
2458 1117 15
591 1117 15
1768 1117 16
1840 1117 14
349 1119 14
405 1119 17
437 1119 23
2168 1122 15
2252 1122 14
267 1122 14
2579 1122 14
1369 1123 15
2174 1123 15
2511 1127 14
1998 1127 17
2308 1129 15
850 1129 14
1346 1129 21
2074 1130 15
2539 1130 16
2586 1130 20
560 1130 15
599 1130 15
619 1130 15
640 1130 15
689 1130 15
876 1130 15
886 1130 14
937 1130 15
946 1130 15
1388 1130 15
1407 1130 15
1410 1130 15
1429 1130 15
1440 1130 15
1500 1130 21
1567 1130 15
1900 1130 17
1906 1130 15
1955 1130 15
1957 1130 15
1959 1130 15
1983 1130 15
1995 1130 14
731 1131 14
1838 1132 15
377 1134 15
1734 1134 14
1727 1137 15
1304 1138 15
2398 1141 18
2567 1141 17
633 1141 18
879 1141 15
1676 1141 14
1936 1141 16
2095 1142 17
601 1142 14
1697 1142 14
2444 1143 14
412 1143 14
691 1145 14
1206 1145 15
1369 1147 14
1747 1147 16
341 1149 16
351 1149 15
134 1151 14
178 1151 14
2232 1151 15
491 1151 17
2522 1151 14
855 1151 15
1338 1151 14
1349 1151 14
1494 1151 14
980 1153 15
2498 1154 14
2287 1155 14
611 1155 14
1245 1155 14
2308 1157 14
899 1158 21
920 1158 21
1477 1158 21
877 1159 17
928 1159 16
1439 1159 17
1458 1159 17
1476 1159 19
1568 1159 17
1956 1159 17
1958 1159 15
1185 1161 15
296 1162 14
298 1162 14
1113 1162 15
2546 1162 15
1865 1165 18
1905 1165 14
1966 1165 15
968 1166 19
2138 1167 15
533 1167 14
535 1167 17
2404 1168 15
2428 1168 14
1092 1168 15
1563 1168 18
188 1170 23
280 1170 20
286 1170 22
741 1170 18
809 1170 22
1308 1170 17
1199 1171 21
1217 1171 21
328 1173 23
376 1173 20
751 1173 23
1055 1173 23
1409 1173 23
1414 1173 23
1420 1173 14
1470 1173 23
1565 1173 17
2063 1173 14
2064 1173 14
2552 1173 14
2276 1177 14
1013 1177 14
893 1178 15
1063 1178 14
1334 1178 14
1437 1178 14
1737 1178 14
1898 1178 14
2296 1178 15
2527 1178 17
814 1179 18
826 1179 15
1993 1179 17
2129 1179 20
2330 1179 14
2368 1179 14
2424 1179 20
2401 1180 14
1208 1180 18
1633 1182 15
240 1184 21
763 1184 15
1602 1184 16
1161 1185 15
1428 1187 14
79 1188 14
84 1188 14
2499 1188 21
895 1193 17
891 1194 14
771 1195 14
218 1196 17
864 1196 17
183 1196 17
1616 1196 15
661 1197 15
1171 1199 21
1217 1199 23
183 1202 15
218 1202 15
1250 1202 15
2510 1204 14
2224 1207 15
668 1207 15
2401 1208 15
1180 1208 18
1398 1208 14
1250 1209 14
2576 1210 14
1471 1210 15
2514 1213 14
1230 1214 14
1401 1214 15
2361 1215 15
573 1216 14
1171 1217 21
1199 1217 23
1467 1218 15
1801 1218 14
116 1220 15
118 1220 15
120 1220 15
446 1220 15
2042 1220 14
1606 1222 16
2335 1223 15
949 1223 14
1236 1223 15
1453 1223 14
2367 1223 15
2111 1224 15
580 1225 14
2062 1227 15
2066 1227 15
2065 1227 15
2184 1227 15
2454 1227 14
1104 1227 15
2230 1227 15
1444 1227 15
1536 1227 15
2585 1228 15
897 1229 15
615 1230 14
2497 1230 15
1214 1230 14
98 1235 18
2335 1236 14
2367 1236 17
2411 1236 14
2477 1236 15
1223 1236 15
2036 1240 14
411 1241 14
1438 1241 15
1654 1241 14
1918 1241 17
244 1244 15
1670 1244 17
611 1245 15
665 1245 18
701 1245 14
1155 1245 14
359 1246 14
2243 1246 15
2258 1246 17
341 1246 14
351 1246 15
827 1246 14
1675 1246 15
2233 1248 14
2259 1248 16
2335 1248 16
949 1248 14
1787 1248 15
1096 1249 15
1560 1249 17
2138 1250 14
1202 1250 15
1209 1250 14
244 1252 14
292 1252 17
510 1252 15
512 1252 16
514 1252 15
649 1252 16
2190 1255 15
2464 1255 15
1322 1255 16
1850 1255 14
815 1257 14
524 1258 15
787 1258 15
969 1258 15
2560 1259 15
1519 1260 15
18 1261 14
2078 1261 16
61 1261 14
385 1261 14
484 1261 14
1067 1261 16
1457 1261 18
684 1264 17
1271 1264 14
576 1270 15
1264 1271 14
674 1272 22
667 1273 15
820 1274 14
2083 1276 15
241 1278 16
1451 1278 16
1569 1278 21
2372 1278 14
117 1282 14
2207 1282 14
1284 1282 17
2207 1284 15
1282 1284 17
2046 1284 15
1566 1287 15
477 1290 14
1428 1290 18
1001 1291 14
1037 1293 14
2345 1296 17
577 1299 16
1555 1300 15
423 1301 14
662 1301 15
1543 1302 15
2490 1303 14
1138 1304 15
2183 1305 14
1720 1305 14
1544 1306 14
1545 1307 15
188 1308 17
280 1308 17
286 1308 17
741 1308 15
809 1308 17
1170 1308 17
1668 1308 14
1901 1309 14
2146 1310 16
1040 1310 14
2405 1314 15
1502 1319 14
2523 1321 14
742 1322 15
1255 1322 16
1850 1322 14
2374 1326 15
1108 1326 15
1340 1326 17
186 1327 15
490 1327 14
500 1327 14
149 1327 15
658 1333 14
1514 1333 16
2527 1334 14
1178 1334 14
1437 1334 15
1445 1334 15
1898 1334 14
769 1335 14
1047 1335 15
1772 1335 14
1348 1337 23
1496 1337 23
1497 1337 20
2108 1338 15
101 1338 14
2202 1338 14
178 1338 22
2234 1338 17
2236 1338 15
2252 1338 14
267 1338 15
2326 1338 20
2442 1338 14
2522 1338 20
970 1338 17
1151 1338 14
1349 1338 23
1494 1338 23
1883 1338 14
917 1340 14
1326 1340 17
1824 1340 14
2363 1342 14
1765 1343 14
1585 1345 14
2308 1346 15
850 1346 14
1129 1346 21
1337 1348 23
1496 1348 23
1497 1348 20
2108 1349 15
101 1349 14
2202 1349 14
178 1349 22
2234 1349 17
2236 1349 15
2252 1349 14
267 1349 15
2326 1349 20
2442 1349 14
2522 1349 20
970 1349 17
1151 1349 14
1338 1349 23
1494 1349 23
1883 1349 14
83 1350 17
2381 1351 17
294 1353 14
1791 1353 14
1037 1356 15
1559 1356 14
1608 1356 17
2104 1356 15
2320 1358 14
1677 1359 14
2394 1360 15
2422 1360 14
2511 1360 14
763 1360 14
913 1360 14
1042 1360 18
423 1364 14
1083 1364 20
1823 1365 17
1850 1365 20
48 1366 15
1616 1367 16
2213 1368 17
1123 1369 15
1147 1369 14
332 1371 14
231 1372 14
428 1372 14
2491 1372 14
750 1373 14
2338 1376 15
944 1376 15
2185 1377 15
2289 1379 20
2320 1380 14
1493 1381 17
1523 1381 17
2170 1382 15
1450 1387 14
2074 1388 18
2586 1388 15
560 1388 17
599 1388 18
619 1388 18
640 1388 18
689 1388 18
876 1388 18
937 1388 20
946 1388 18
1130 1388 15
1407 1388 18
1410 1388 18
1429 1388 18
1440 1388 18
1500 1388 15
1567 1388 18
1906 1388 18
1955 1388 18
1957 1388 18
1959 1388 18
1983 1388 18
2003 1388 15
2054 1390 14
284 1390 17
1533 1390 20
1699 1393 18
819 1396 15
2053 1397 14
2302 1397 14
2368 1397 14
2372 1397 14
1534 1397 16
1208 1398 14
311 1399 14
703 1399 17
2411 1401 14
1214 1401 15
676 1402 22
2075 1405 14
938 1405 19
1421 1405 16
1970 1405 15
445 1406 14
1068 1406 19
1907 1406 19
1960 1406 15
2074 1407 21
2586 1407 15
560 1407 17
572 1407 16
599 1407 21
619 1407 21
640 1407 21
689 1407 21
876 1407 21
892 1407 15
925 1407 14
937 1407 18
946 1407 21
1130 1407 15
1388 1407 18
1410 1407 21
1429 1407 21
1440 1407 21
1455 1407 16
1475 1407 16
1500 1407 15
1567 1407 21
1906 1407 21
1955 1407 21
1957 1407 21
1959 1407 21
1983 1407 21
2003 1407 18
328 1409 23
376 1409 20
751 1409 23
1055 1409 23
1173 1409 23
1414 1409 23
1420 1409 14
1470 1409 23
1565 1409 17
2063 1409 14
2064 1409 14
2552 1409 14
2074 1410 21
2586 1410 15
560 1410 17
572 1410 16
599 1410 21
619 1410 21
640 1410 21
689 1410 21
876 1410 21
892 1410 15
925 1410 14
937 1410 18
946 1410 21
1130 1410 15
1388 1410 18
1407 1410 21
1429 1410 21
1440 1410 21
1455 1410 16
1475 1410 16
1500 1410 15
1567 1410 21
1906 1410 21
1955 1410 21
1957 1410 21
1959 1410 21
1983 1410 21
2003 1410 18
1420 1411 15
2291 1412 14
530 1412 16
818 1412 16
9 1413 14
2062 1413 17
2065 1413 17
2066 1413 17
2069 1413 23
2184 1413 15
2324 1413 14
2392 1413 15
2426 1413 14
2468 1413 14
2478 1413 14
907 1413 16
1043 1413 14
2232 1413 14
1444 1413 18
1536 1413 17
1768 1413 16
328 1414 23
376 1414 20
751 1414 23
1055 1414 23
1173 1414 23
1409 1414 23
1420 1414 14
1470 1414 23
1565 1414 17
2063 1414 14
2064 1414 14
2552 1414 14
119 1415 15
260 1415 18
2429 1416 18
654 1416 15
1033 1416 15
2021 1416 15
363 1417 15
2080 1418 14
453 1418 14
526 1419 15
328 1420 14
670 1420 14
751 1420 14
1055 1420 14
1173 1420 14
1409 1420 14
1411 1420 15
1414 1420 14
1470 1420 14
2398 1420 14
938 1421 16
1405 1421 16
2112 1421 16
1607 1424 17
1634 1424 20
1928 1424 15
1663 1425 14
1819 1425 14
254 1427 20
729 1427 20
730 1427 20
982 1427 20
1146 1427 14
1187 1428 14
1290 1428 18
1530 1428 14
2074 1429 21
2586 1429 15
560 1429 17
572 1429 16
599 1429 21
619 1429 21
640 1429 21
689 1429 21
876 1429 21
892 1429 15
925 1429 14
937 1429 18
946 1429 21
1130 1429 15
1388 1429 18
1407 1429 21
1410 1429 21
1440 1429 21
1455 1429 16
1475 1429 16
1500 1429 15
1567 1429 21
1906 1429 21
1955 1429 21
1957 1429 21
1959 1429 21
1983 1429 21
2003 1429 18
2581 1432 14
2485 1433 14
838 1433 14
2521 1434 15
2106 1434 14
1542 1435 15
2025 1435 20
1041 1436 14
1597 1436 14
1745 1436 17
140 1437 16
1178 1437 14
1334 1437 15
1891 1437 15
1898 1437 17
2527 1437 16
1241 1438 15
1621 1438 14
1963 1438 14
735 1439 15
877 1439 19
928 1439 18
1072 1439 14
1159 1439 17
1458 1439 19
1476 1439 17
1568 1439 19
1956 1439 19
2074 1440 21
2586 1440 15
560 1440 17
572 1440 16
599 1440 21
619 1440 21
640 1440 21
689 1440 21
876 1440 21
892 1440 15
925 1440 14
937 1440 18
946 1440 21
1130 1440 15
1388 1440 18
1407 1440 21
1410 1440 21
1429 1440 21
1455 1440 16
1475 1440 16
1500 1440 15
1567 1440 21
1906 1440 21
1955 1440 21
1957 1440 21
1959 1440 21
1983 1440 21
2003 1440 18
1059 1442 16
1769 1442 15
2069 1444 18
2184 1444 18
2324 1444 14
2478 1444 14
907 1444 14
2232 1444 14
1227 1444 15
1413 1444 18
1768 1444 16
1334 1445 15
2108 1446 15
2246 1446 16
2209 1448 14
1847 1448 14
1513 1449 15
241 1451 19
412 1451 16
1278 1451 16
1569 1451 16
1918 1451 14
2053 1451 14
2302 1451 16
1085 1452 14
1223 1453 14
2074 1455 16
2539 1455 17
572 1455 23
599 1455 16
619 1455 16
640 1455 16
689 1455 16
876 1455 16
946 1455 16
1407 1455 16
1410 1455 16
1429 1455 16
1440 1455 16
1475 1455 23
1567 1455 16
1580 1455 14
1906 1455 16
1955 1455 16
1957 1455 16
1959 1455 16
1983 1455 16
2003 1455 14
2064 1456 16
2390 1456 14
1920 1456 17
2078 1457 14
1261 1457 18
735 1458 15
877 1458 19
928 1458 18
1072 1458 14
1159 1458 17
1439 1458 19
1476 1458 17
1568 1458 19
1956 1458 19
329 1459 14
2170 1463 15
630 1463 14
220 1465 14
651 1465 15
0 1466 15
3 1466 15
5 1466 15
7 1466 17
9 1466 18
11 1466 15
166 1466 15
168 1466 15
67 1466 15
431 1466 16
1525 1466 15
2184 1467 16
801 1467 15
1218 1467 15
1801 1467 18
1823 1467 14
1748 1468 14
328 1470 23
376 1470 20
751 1470 23
1055 1470 23
1173 1470 23
1409 1470 23
1414 1470 23
1420 1470 14
1565 1470 17
2063 1470 14
2064 1470 14
2552 1470 14
1210 1471 15
2074 1475 16
2539 1475 17
572 1475 23
599 1475 16
619 1475 16
640 1475 16
689 1475 16
876 1475 16
946 1475 16
1407 1475 16
1410 1475 16
1429 1475 16
1440 1475 16
1455 1475 23
1567 1475 16
1580 1475 14
1906 1475 16
1955 1475 16
1957 1475 16
1959 1475 16
1983 1475 16
2003 1475 14
877 1476 17
928 1476 16
1159 1476 19
1439 1476 17
1458 1476 17
1568 1476 17
1956 1476 17
1958 1476 15
899 1477 21
920 1477 21
1158 1477 21
40 1478 15
42 1478 15
890 1478 15
2018 1478 15
765 1479 15
2250 1480 14
2566 1480 15
1577 1480 18
2100 1481 14
337 1481 14
990 1481 16
2329 1482 16
1941 1482 16
2553 1484 15
954 1484 14
2426 1489 16
880 1489 14
2428 1490 20
1783 1490 17
1945 1490 15
62 1493 15
1102 1493 14
1381 1493 17
1523 1493 17
1621 1493 15
2444 1493 14
2108 1494 15
101 1494 14
2202 1494 14
178 1494 22
2234 1494 17
2236 1494 15
2252 1494 14
267 1494 15
2326 1494 20
2442 1494 14
2522 1494 20
970 1494 17
1151 1494 14
1338 1494 23
1349 1494 23
1883 1494 14
2274 1495 15
2378 1495 15
1337 1496 23
1348 1496 23
1497 1496 20
1337 1497 20
1348 1497 20
1496 1497 20
411 1499 15
1093 1499 23
1854 1499 17
2074 1500 15
2539 1500 16
2586 1500 20
560 1500 15
599 1500 15
619 1500 15
640 1500 15
689 1500 15
876 1500 15
886 1500 14
937 1500 15
946 1500 15
1130 1500 21
1388 1500 15
1407 1500 15
1410 1500 15
1429 1500 15
1440 1500 15
1567 1500 15
1900 1500 17
1906 1500 15
1955 1500 15
1957 1500 15
1959 1500 15
1983 1500 15
1995 1500 14
1656 1501 14
262 1502 15
732 1502 16
1319 1502 14
1779 1502 18
1050 1503 15
1656 1503 14
580 1504 14
2506 1504 14
887 1505 21
2206 1506 14
633 1509 15
860 1511 16
122 1513 14
1449 1513 15
658 1514 14
1333 1514 16
1831 1514 14
278 1515 14
1622 1515 17
753 1516 19
1522 1516 17
1892 1516 15
2033 1516 16
626 1517 14
330 1519 16
699 1519 16
1260 1519 15
753 1522 16
1516 1522 17
1621 1522 14
1892 1522 15
2334 1522 14
2363 1522 14
1381 1523 17
1493 1523 17
935 1527 17
715 1529 14
1428 1530 14
2033 1530 17
2243 1530 14
163 1531 14
2396 1531 14
2194 1531 14
2190 1532 15
2054 1533 14
284 1533 17
1390 1533 20
2053 1534 16
2174 1534 14
2302 1534 16
2368 1534 15
2372 1534 16
1397 1534 16
0 1536 14
3 1536 14
5 1536 14
11 1536 14
2062 1536 20
2065 1536 20
2066 1536 20
2069 1536 17
166 1536 14
168 1536 14
2426 1536 14
984 1536 14
1043 1536 14
1104 1536 18
1227 1536 15
1413 1536 17
1525 1536 14
231 1537 15
428 1537 15
2491 1537 15
2553 1537 14
1611 1538 16
1918 1538 15
2466 1538 14
2508 1538 16
2387 1539 17
2111 1540 14
2147 1540 14
2292 1540 14
2434 1540 17
1682 1540 15
1843 1540 18
1769 1541 14
1892 1541 14
1435 1542 15
2025 1542 15
1302 1543 15
929 1544 15
1306 1544 14
1233 1545 14
1307 1545 15
973 1547 14
1737 1547 15
2552 1549 15
933 1549 23
1770 1551 16
14 1552 15
16 1552 14
171 1552 15
251 1552 14
1949 1552 22
1856 1553 15
2090 1554 14
1912 1554 14
1300 1555 15
2183 1556 14
2084 1556 18
2471 1556 14
1356 1559 14
1249 1560 17
101 1561 14
2432 1561 14
646 1561 14
922 1561 14
2468 1563 15
1168 1563 18
1783 1563 14
2436 1564 14
2576 1564 15
328 1565 17
376 1565 18
751 1565 17
1055 1565 17
1173 1565 17
1409 1565 17
1414 1565 17
1470 1565 17
1287 1566 15
1834 1566 14
2074 1567 21
2586 1567 15
560 1567 17
572 1567 16
599 1567 21
619 1567 21
640 1567 21
689 1567 21
876 1567 21
892 1567 15
925 1567 14
937 1567 18
946 1567 21
1130 1567 15
1388 1567 18
1407 1567 21
1410 1567 21
1429 1567 21
1440 1567 21
1455 1567 16
1475 1567 16
1500 1567 15
1906 1567 21
1955 1567 21
1957 1567 21
1959 1567 21
1983 1567 21
2003 1567 18
735 1568 15
877 1568 19
928 1568 18
1072 1568 14
1159 1568 17
1439 1568 19
1458 1568 19
1476 1568 17
1956 1568 19
241 1569 16
1278 1569 21
1451 1569 16
2372 1569 14
2566 1577 17
693 1577 14
1480 1577 18
2393 1578 17
750 1578 14
847 1578 14
865 1578 15
490 1579 14
925 1579 14
500 1579 14
572 1580 14
1455 1580 14
1475 1580 14
631 1581 14
1854 1581 14
2143 1584 14
2155 1584 14
1089 1584 15
2147 1585 15
2434 1585 15
415 1585 15
2518 1585 18
1345 1585 14
1676 1585 14
1811 1585 15
1843 1585 15
2076 1588 17
965 1593 14
2265 1596 14
2095 1597 14
2122 1597 14
1436 1597 14
1745 1597 16
240 1602 16
2579 1602 15
763 1602 15
1184 1602 16
2090 1605 14
134 1605 18
2252 1605 14
1641 1605 14
1222 1606 16
1424 1607 17
1634 1607 15
1356 1608 17
1618 1608 15
2565 1608 15
2135 1609 22
2510 1610 14
999 1611 14
1538 1611 16
1726 1612 14
629 1613 16
864 1616 14
1196 1616 15
1367 1616 16
1608 1618 15
1791 1618 17
1824 1618 15
2262 1618 14
1438 1621 14
1493 1621 15
1522 1621 14
1933 1621 14
1963 1621 14
2334 1621 14
2167 1622 14
278 1622 14
1515 1622 17
1845 1622 14
179 1623 14
2256 1623 22
2414 1623 14
577 1623 14
862 1623 16
1805 1623 16
1631 1624 21
1632 1625 23
1839 1625 14
2289 1626 14
1719 1628 15
1634 1630 14
1624 1631 21
1991 1631 14
1625 1632 23
1839 1632 14
1182 1633 15
1424 1634 20
1607 1634 15
1630 1634 14
1928 1634 15
2159 1635 14
2583 1637 14
974 1638 16
2013 1639 15
1605 1641 14
2259 1642 15
272 1646 14
1241 1654 14
1771 1655 15
579 1656 18
1501 1656 14
1503 1656 14
2128 1657 20
399 1657 15
873 1657 15
2497 1658 14
1012 1658 14
1661 1659 15
518 1660 18
1659 1661 15
1425 1663 14
214 1664 15
382 1664 17
1308 1668 14
1045 1669 18
2068 1669 15
2352 1669 15
908 1670 14
1244 1670 17
1797 1670 15
1903 1670 15
826 1674 15
2243 1675 17
2258 1675 15
341 1675 14
351 1675 15
1246 1675 15
2163 1676 16
684 1676 14
1141 1676 14
1585 1676 14
2145 1677 14
2392 1677 15
763 1677 15
1359 1677 14
2004 1679 20
2261 1680 16
984 1682 15
1021 1682 14
1540 1682 15
1772 1682 14
702 1685 14
684 1687 15
161 1691 14
1926 1691 15
2090 1695 15
1052 1696 14
601 1697 17
1142 1697 14
2300 1698 14
2149 1698 15
923 1698 17
1393 1699 18
203 1700 14
2404 1710 14
2118 1711 17
349 1711 15
2481 1714 15
2548 1716 14
764 1716 17
1988 1718 15
1628 1719 15
1305 1720 14
687 1721 17
963 1722 15
2270 1725 15
329 1726 18
1612 1726 14
1137 1727 15
601 1728 15
977 1730 14
108 1731 15
109 1731 15
156 1732 14
1879 1732 15
1987 1732 16
1887 1733 14
1134 1734 14
1854 1734 14
2071 1735 14
2184 1735 14
2392 1735 14
801 1735 16
2132 1736 15
2567 1736 14
1747 1736 17
1063 1737 15
1178 1737 14
1547 1737 15
799 1738 15
2397 1739 18
1046 1742 14
2348 1744 20
2147 1745 15
2366 1745 14
2518 1745 14
1436 1745 17
1597 1745 16
2204 1746 14
1147 1747 16
1736 1747 17
1468 1748 14
2236 1749 15
2246 1749 17
2108 1749 14
2442 1749 15
2468 1749 17
234 1749 17
1840 1749 14
2217 1752 14
1882 1754 14
183 1756 14
218 1756 14
2387 1756 14
371 1756 14
1016 1759 15
20 1761 15
383 1761 15
385 1761 16
761 1761 18
1782 1761 14
1815 1762 14
233 1764 14
783 1764 15
1869 1764 14
2086 1764 20
1343 1765 14
596 1767 15
2069 1768 16
2236 1768 14
2468 1768 16
2478 1768 14
907 1768 16
970 1768 15
1117 1768 16
1413 1768 16
1444 1768 16
1783 1768 15
1801 1768 15
260 1769 14
1442 1769 15
1541 1769 14
1551 1770 16
1655 1771 15
1335 1772 14
1682 1772 14
30 1778 15
76 1778 14
266 1778 14
262 1779 16
732 1779 14
1502 1779 18
979 1780 17
2038 1781 15
761 1782 14
1761 1782 14
2428 1783 19
2468 1783 14
1490 1783 17
1563 1783 14
1768 1783 15
1945 1783 18
974 1788 15
2138 1789 15
2426 1790 14
422 1791 15
1353 1791 14
1618 1791 17
314 1794 14
318 1794 15
638 1794 15
315 1795 15
455 1795 14
1670 1797 15
1903 1797 19
2577 1799 14
509 1800 17
2184 1801 14
2196 1801 14
970 1801 17
1218 1801 14
1467 1801 18
1768 1801 15
2148 1803 14
2166 1803 15
2227 1803 14
2431 1803 15
2315 1803 17
2381 1803 14
2256 1805 16
862 1805 23
1623 1805 16
1113 1807 14
2555 1808 15
2518 1811 14
1585 1811 15
1879 1811 14
2181 1814 15
581 1816 18
858 1818 14
2198 1819 14
2155 1819 14
1425 1819 14
2343 1822 15
2423 1822 14
1365 1823 17
1467 1823 14
1850 1823 15
2090 1824 15
1108 1824 15
1340 1824 14
1618 1824 15
1912 1824 14
2310 1825 17
1835 1825 18
2056 1826 15
205 1826 17
508 1827 14
2545 1831 15
1514 1831 14
1087 1832 14
1023 1834 14
1566 1834 14
1856 1834 15
1825 1835 18
1132 1838 15
2427 1839 15
1625 1839 14
1632 1839 14
2270 1840 15
234 1840 17
2442 1840 14
907 1840 14
1117 1840 14
1749 1840 14
959 1842 15
2163 1843 14
2292 1843 15
2434 1843 21
2466 1843 15
2518 1843 15
2480 1843 15
2147 1843 18
1540 1843 18
1585 1843 15
1622 1845 14
891 1846 14
2029 1846 20
154 1847 17
2209 1847 23
529 1847 14
1448 1847 14
2452 1850 14
1255 1850 14
1322 1850 14
1365 1850 20
1823 1850 15
1070 1852 18
1093 1854 17
1499 1854 17
1581 1854 14
1734 1854 14
747 1856 14
1553 1856 15
1834 1856 15
2290 1857 14
2141 1858 14
1165 1865 18
2086 1869 14
233 1869 14
960 1869 15
1764 1869 14
1873 1870 15
820 1872 16
27 1873 14
263 1873 14
1870 1873 15
1732 1879 15
1811 1879 14
1987 1879 17
2412 1879 14
1754 1882 14
2106 1883 14
178 1883 14
2522 1883 14
1338 1883 14
1349 1883 14
1494 1883 14
977 1888 14
2574 1891 17
1437 1891 15
753 1892 15
1516 1892 15
1522 1892 15
1541 1892 14
2441 1893 17
2333 1893 14
216 1894 15
2457 1895 15
1043 1898 16
1178 1898 14
1334 1898 14
1437 1898 17
2527 1898 17
2064 1899 15
903 1899 15
1920 1899 15
2586 1900 18
1130 1900 17
1500 1900 17
1955 1900 14
2003 1900 17
1309 1901 14
2409 1903 15
1670 1903 15
1797 1903 19
1165 1905 14
1966 1905 17
2074 1906 21
2586 1906 15
560 1906 17
572 1906 16
599 1906 21
619 1906 21
640 1906 21
689 1906 21
876 1906 21
892 1906 15
925 1906 14
937 1906 18
946 1906 21
1130 1906 15
1388 1906 18
1407 1906 21
1410 1906 21
1429 1906 21
1440 1906 21
1455 1906 16
1475 1906 16
1500 1906 15
1567 1906 21
1955 1906 21
1957 1906 21
1959 1906 21
1983 1906 21
2003 1906 18
445 1907 14
1068 1907 19
1406 1907 19
1960 1907 15
2508 1908 14
2152 1909 15
2500 1909 15
296 1910 15
298 1910 15
2552 1910 18
1554 1912 14
1824 1912 14
320 1914 14
805 1914 15
663 1915 14
2251 1916 14
680 1916 17
739 1916 22
411 1918 18
1241 1918 17
1451 1918 14
1538 1918 15
2466 1918 14
2189 1919 14
2413 1919 14
798 1919 14
1046 1919 15
2064 1920 14
903 1920 14
1456 1920 17
1899 1920 15
186 1926 15
1691 1926 15
1424 1928 15
1634 1928 15
716 1929 15
117 1930 14
2468 1933 14
1621 1933 14
633 1936 16
879 1936 18
1141 1936 16
2398 1936 16
2328 1939 14
2479 1941 14
1482 1941 16
2065 1942 14
687 1943 14
2428 1945 15
1490 1945 15
1783 1945 18
14 1949 15
16 1949 14
171 1949 15
251 1949 14
1552 1949 22
2497 1951 15
2178 1954 14
2074 1955 21
2586 1955 15
560 1955 17
572 1955 16
599 1955 21
619 1955 21
640 1955 21
689 1955 21
876 1955 21
892 1955 15
925 1955 14
937 1955 18
946 1955 21
2548 1955 14
1130 1955 15
1388 1955 18
1407 1955 21
1410 1955 21
1429 1955 21
1440 1955 21
1455 1955 16
1475 1955 16
1500 1955 15
1567 1955 21
1900 1955 14
1906 1955 21
1957 1955 21
1959 1955 21
1983 1955 21
2003 1955 20
735 1956 15
877 1956 19
928 1956 18
1072 1956 14
1159 1956 17
1439 1956 19
1458 1956 19
1476 1956 17
1568 1956 19
2074 1957 21
2586 1957 15
560 1957 17
572 1957 16
599 1957 21
619 1957 21
640 1957 21
689 1957 21
876 1957 21
892 1957 15
925 1957 14
937 1957 18
946 1957 21
1130 1957 15
1388 1957 18
1407 1957 21
1410 1957 21
1429 1957 21
1440 1957 21
1455 1957 16
1475 1957 16
1500 1957 15
1567 1957 21
1906 1957 21
1955 1957 21
1959 1957 21
1983 1957 21
2003 1957 18
2079 1958 18
596 1958 14
1159 1958 15
1476 1958 15
1996 1958 14
2074 1959 21
2586 1959 15
560 1959 17
572 1959 16
599 1959 21
619 1959 21
640 1959 21
689 1959 21
876 1959 21
892 1959 15
925 1959 14
937 1959 18
946 1959 21
1130 1959 15
1388 1959 18
1407 1959 21
1410 1959 21
1429 1959 21
1440 1959 21
1455 1959 16
1475 1959 16
1500 1959 15
1567 1959 21
1906 1959 21
1955 1959 21
1957 1959 21
1983 1959 21
2003 1959 18
690 1960 14
1068 1960 15
1406 1960 15
1907 1960 15
2360 1961 14
1438 1963 14
1621 1963 14
585 1964 17
780 1965 15
1165 1966 15
1905 1966 17
200 1967 14
1172 1967 15
562 1969 14
892 1969 14
2075 1970 18
938 1970 15
1405 1970 15
1049 1973 17
2176 1975 14
2320 1975 14
2548 1977 15
764 1977 14
1705 1982 14
2074 1983 21
2586 1983 15
560 1983 17
572 1983 16
599 1983 21
619 1983 21
640 1983 21
689 1983 21
876 1983 21
892 1983 15
925 1983 14
937 1983 18
946 1983 21
1130 1983 15
1388 1983 18
1407 1983 21
1410 1983 21
1429 1983 21
1440 1983 21
1455 1983 16
1475 1983 16
1500 1983 15
1567 1983 21
1906 1983 21
1955 1983 21
1957 1983 21
1959 1983 21
2003 1983 18
114 1984 14
389 1984 14
993 1985 15
2412 1987 14
1732 1987 16
1879 1987 17
2520 1988 15
1718 1988 15
1631 1991 14
202 1992 15
2129 1993 15
2330 1993 14
2424 1993 14
814 1993 15
1179 1993 17
2586 1995 14
886 1995 21
2548 1995 15
1130 1995 14
1500 1995 14
1958 1996 14
2137 1998 19
1127 1998 17
495 2000 14
505 2000 14
2074 2003 18
560 2003 14
572 2003 14
599 2003 18
619 2003 18
640 2003 18
689 2003 18
876 2003 18
937 2003 15
946 2003 18
1388 2003 15
1407 2003 18
1410 2003 18
1429 2003 18
1440 2003 18
1455 2003 14
1475 2003 14
1567 2003 18
1900 2003 17
1906 2003 18
1955 2003 20
1957 2003 18
1959 2003 18
1983 2003 18
1679 2004 20
311 2005 14
2026 2005 23
440 2007 18
2221 2011 15
2287 2011 17
212 2013 14
1639 2013 15
483 2016 15
1478 2018 15
2062 2019 14
2066 2019 14
2202 2019 17
1060 2020 14
2173 2021 14
1416 2021 15
1435 2025 20
1542 2025 15
311 2026 14
2005 2026 23
889 2027 14
891 2029 14
1056 2029 14
1846 2029 20
2579 2032 14
753 2033 14
1516 2033 16
1530 2033 17
2179 2034 15
2377 2035 15
1240 2036 14
593 2038 14
1781 2038 15
2463 2039 17
2459 2040 15
1220 2042 14
2165 2044 14
2271 2044 15
1397 2053 14
1451 2053 14
1534 2053 16
2302 2053 19
2368 2053 15
2372 2053 16
205 2056 21
1826 2056 15
988 2068 14
1045 2068 15
1669 2068 15
2350 2068 15
596 2079 14
1958 2079 18
233 2086 14
783 2086 15
1764 2086 20
1869 2086 14
57 2128 14
399 2128 15
771 2128 14
1657 2128 20
814 2129 18
1179 2129 20
1993 2129 15
2424 2129 17
856 2130 15
2171 2132 14
1736 2132 15
1167 2138 15
1250 2138 14
1789 2138 15
429 2148 16
1803 2148 14
2227 2148 14
219 2149 14
267 2149 14
923 2149 15
1698 2149 15
2300 2149 14
345 2159 15
1635 2159 14
633 2163 15
1676 2163 16
1843 2163 14
2398 2163 15
2434 2163 15
2527 2163 14
2132 2171 14
453 2171 14
2225 2173 14
364 2173 14
2021 2173 14
2233 2175 15
2261 2175 14
2034 2179 15
2476 2180 16
1814 2181 15
2353 2185 14
404 2185 20
1377 2185 15
2388 2192 14
1013 2228 14
2265 2231 14
2175 2233 15
2259 2233 16
2335 2233 16
1172 2233 15
1248 2233 14
1014 2237 15
1246 2243 15
1530 2243 14
1675 2243 17
2258 2243 15
2117 2245 14
2402 2245 17
680 2251 14
739 2251 14
1916 2251 14
2233 2259 16
2335 2259 17
1248 2259 16
1642 2259 15
131 2262 14
1114 2262 17
1618 2262 14
2172 2262 14
2231 2265 14
1596 2265 14
2461 2277 14
1116 2279 15
1397 2302 14
1451 2302 16
1534 2302 16
2053 2302 19
2368 2302 15
2372 2302 16
2420 2305 18
2574 2309 15
1825 2310 17
675 2329 14
1482 2329 16
559 2334 14
681 2334 14
1522 2334 14
1621 2334 14
2233 2335 16
2259 2335 17
2367 2335 15
949 2335 16
1223 2335 15
1236 2335 14
1248 2335 16
726 2344 17
846 2344 14
2145 2344 14
1867 2355 14
2335 2367 15
2411 2367 14
2477 2367 14
1223 2367 15
1236 2367 17
1539 2387 17
1756 2387 14
2192 2388 14
633 2398 21
879 2398 15
1141 2398 18
1420 2398 14
1936 2398 16
2163 2398 15
2412 2398 14
2306 2406 17
814 2424 15
1179 2424 20
1993 2424 14
2129 2424 17
412 2444 17
1102 2444 14
1143 2444 14
1493 2444 14
999 2466 19
1538 2466 14
1843 2466 15
1918 2466 14
2147 2466 14
2222 2466 14
2366 2466 15
2434 2466 15
2508 2466 14
1303 2490 14
1538 2508 16
1908 2508 14
2174 2508 14
2466 2508 14
1178 2527 17
1334 2527 14
1437 2527 16
1898 2527 17
2163 2527 14
1608 2565 15
