3 0 44
5 0 50
7 0 48
9 0 50
11 0 50
67 0 41
166 0 43
168 0 37
1525 0 28
1536 0 32
2065 0 25
2066 0 23
2069 0 21
2070 0 27
4 1 34
8 1 23
12 1 34
13 1 47
68 1 29
951 1 21
6 2 41
10 2 42
13 2 21
167 2 22
1968 2 21
0 3 44
5 3 50
7 3 39
9 3 35
11 3 35
67 3 35
166 3 37
168 3 40
1525 3 28
1536 3 32
1604 3 21
2070 3 23
1 4 34
6 4 25
8 4 34
10 4 21
12 4 41
13 4 33
68 4 37
167 4 24
169 4 27
0 5 50
3 5 50
7 5 39
9 5 41
11 5 41
67 5 41
166 5 40
168 5 37
742 5 23
1525 5 28
1536 5 41
1604 5 21
2065 5 22
2066 5 26
2069 5 21
2070 5 26
2 6 41
4 6 25
10 6 30
68 6 25
0 7 48
3 7 39
5 7 39
9 7 39
11 7 39
67 7 30
166 7 35
168 7 33
1525 7 26
1536 7 21
1 8 23
4 8 34
10 8 26
12 8 25
13 8 23
951 8 21
0 9 50
3 9 35
5 9 41
7 9 39
11 9 41
67 9 35
166 9 34
168 9 28
1444 9 21
1536 9 23
2065 9 22
2066 9 21
2069 9 30
2070 9 21
2 10 42
4 10 21
6 10 30
8 10 26
13 10 23
68 10 22
951 10 22
1968 10 21
0 11 50
3 11 35
5 11 41
7 11 39
9 11 41
67 11 38
166 11 41
168 11 35
984 11 29
1444 11 21
1525 11 26
1536 11 31
1639 11 21
2065 11 23
2066 11 29
2070 11 26
1 12 34
4 12 41
8 12 25
13 12 27
68 12 28
1 13 47
2 13 21
4 13 33
8 13 23
10 13 23
12 13 27
68 13 28
951 13 23
16 14 27
171 14 41
251 14 27
379 14 26
444 14 39
172 15 23
14 16 27
251 16 44
85 17 31
252 17 32
20 18 26
27 18 51
61 18 44
82 18 60
263 18 39
383 18 26
385 18 47
463 18 23
664 18 21
1457 18 21
28 19 24
62 19 21
386 19 23
18 20 26
27 20 31
61 20 23
82 20 26
263 20 31
383 20 53
385 20 30
1096 20 21
361 21 23
1345 21 21
24 22 29
26 22 29
279 22 21
285 22 26
808 22 24
25 23 51
22 24 29
26 24 45
23 25 51
22 26 29
24 26 45
516 26 22
18 27 51
20 27 31
61 27 42
82 27 51
263 27 35
383 27 31
385 27 51
463 27 23
19 28 24
62 28 23
386 28 23
2110 30 23
2384 32 29
2498 32 21
173 33 35
174 34 47
1277 34 38
37 35 40
1423 36 24
2278 36 27
35 37 40
59 39 36
307 39 25
554 39 24
42 40 44
890 40 29
925 40 22
1370 40 22
43 41 23
289 41 38
40 42 44
890 42 38
925 42 25
1370 42 22
2018 42 24
41 43 23
289 43 26
175 44 28
184 44 23
176 45 47
108 46 21
556 46 23
789 46 26
1064 46 25
1627 47 22
2329 48 23
76 49 36
266 49 50
100 50 32
102 50 50
177 50 32
287 50 50
103 51 41
213 51 23
288 51 50
870 51 23
1850 52 22
2024 53 22
663 56 41
60 58 26
294 58 23
1474 58 24
39 59 36
295 59 21
307 59 21
554 59 44
58 60 26
516 60 22
621 60 21
18 61 44
20 61 23
27 61 42
82 61 42
263 61 33
383 61 23
385 61 44
463 61 21
19 62 21
28 62 23
386 62 23
462 62 21
2046 62 24
736 65 23
0 67 41
3 67 35
5 67 41
7 67 30
9 67 35
11 67 38
166 67 39
168 67 39
742 67 22
1525 67 27
1536 67 26
2066 67 23
1 68 29
4 68 37
6 68 25
10 68 22
12 68 28
13 68 28
71 69 50
110 69 28
112 69 22
281 69 33
72 70 23
282 70 32
1993 70 21
69 71 50
110 71 30
112 71 24
281 71 33
70 72 23
216 72 23
576 74 21
715 74 27
2389 74 23
77 75 31
49 76 36
266 76 45
75 77 31
1657 77 21
1677 77 21
84 79 56
92 80 21
2112 80 21
2213 80 22
18 82 60
20 82 26
27 82 51
61 82 42
263 82 39
383 82 26
385 82 45
463 82 23
664 82 21
1457 82 21
79 84 56
17 85 31
172 85 22
252 85 35
362 85 21
146 86 48
374 88 50
991 88 22
1053 89 28
1106 89 21
1122 89 25
2230 89 27
2338 89 21
849 90 21
2177 90 21
2283 90 23
2285 90 24
2391 90 22
2485 90 31
80 92 21
129 92 44
130 93 59
1048 93 30
812 94 21
813 95 35
558 96 22
225 97 44
210 98 28
1235 98 25
211 99 40
357 99 47
815 99 21
1891 99 25
50 100 32
102 100 29
177 100 50
287 100 32
178 101 32
267 101 40
799 101 21
2168 101 21
2196 101 21
2202 101 21
2234 101 24
2252 101 23
50 102 50
100 102 29
177 102 29
287 102 47
51 103 41
288 103 35
870 103 24
1709 104 24
2251 104 22
791 106 43
363 107 31
1229 107 26
1726 107 26
2539 107 22
46 108 21
109 108 32
108 109 32
628 109 26
69 110 28
71 110 30
112 110 53
113 111 23
69 112 22
71 112 24
110 112 53
281 112 24
111 113 23
275 114 30
274 115 23
1877 115 21
118 116 41
120 116 43
446 116 35
781 116 23
143 117 38
116 118 41
120 118 31
446 118 53
781 118 27
260 119 44
116 120 43
118 120 31
446 120 30
143 121 26
124 122 34
1047 122 23
1336 123 24
122 124 34
92 129 44
93 130 59
1048 130 30
517 131 21
1711 131 22
1712 132 26
139 133 47
512 133 21
1903 133 24
2449 133 21
140 134 24
1608 134 22
1641 134 21
1279 137 24
133 139 47
512 139 21
1903 139 24
134 140 24
509 140 23
1437 140 22
1608 140 21
1057 141 21
190 142 23
117 143 38
121 143 26
1001 144 23
1034 145 23
1275 145 28
1855 145 23
86 146 48
2223 147 22
810 148 30
960 150 27
1417 150 24
2121 150 21
2420 150 21
153 152 26
1817 152 21
152 153 26
1645 154 21
159 157 26
157 159 26
1144 159 24
502 163 22
1302 163 25
200 164 23
255 164 22
268 164 26
201 165 29
256 165 47
269 165 29
388 165 32
0 166 43
3 166 37
5 166 40
7 166 35
9 166 34
11 166 41
67 166 39
168 166 44
1525 166 35
1536 166 26
2070 166 23
2 167 22
4 167 24
169 167 26
620 167 24
0 168 37
3 168 40
5 168 37
7 168 33
9 168 28
11 168 35
67 168 39
166 168 44
1525 168 35
1536 168 23
4 169 27
167 169 26
253 170 37
14 171 41
251 171 23
379 171 29
444 171 33
1649 171 24
15 172 23
85 172 22
367 172 25
33 173 35
924 173 21
1554 173 21
34 174 47
1277 174 47
44 175 28
45 176 47
187 176 22
50 177 32
100 177 50
102 177 29
287 177 32
356 177 21
101 178 32
267 178 33
288 178 24
970 178 24
1338 178 25
1349 178 25
1494 178 25
2234 178 21
2326 178 22
1777 179 32
2491 179 22
1312 181 21
218 183 37
1202 183 29
44 184 23
219 184 30
852 184 22
261 185 31
1074 186 23
176 187 22
286 188 44
809 188 23
1170 188 29
678 189 21
142 190 23
368 192 54
2489 192 22
354 193 51
2268 194 22
230 197 35
1027 198 23
164 200 23
255 200 27
268 200 29
1138 200 21
165 201 29
256 201 26
269 201 47
388 201 35
374 203 21
545 203 21
1826 205 25
2056 205 24
421 206 21
1111 209 28
98 210 28
356 210 33
99 211 40
357 211 43
815 211 24
1891 211 23
51 213 23
817 213 23
72 216 23
1762 216 22
183 218 37
1282 218 21
184 219 30
852 219 23
1261 222 21
2573 224 21
97 225 44
1063 226 21
2133 226 23
1401 229 22
197 230 35
428 231 44
2491 231 29
1291 232 23
2217 233 32
1544 234 21
1923 234 22
2507 234 21
2485 235 21
416 237 24
437 237 25
546 237 28
702 237 26
311 238 23
350 238 29
1120 238 30
1184 240 39
2168 240 21
1278 241 23
1451 241 25
1569 241 21
2243 241 24
484 242 21
487 242 23
496 242 22
498 242 25
540 242 21
1820 242 21
1969 242 21
2304 243 22
792 246 40
296 248 25
442 248 38
443 249 40
788 249 21
827 249 23
1941 249 22
14 251 27
16 251 44
171 251 23
444 251 23
594 251 21
1603 251 21
17 252 32
85 252 35
362 252 22
1397 252 24
1607 252 22
2112 252 22
170 253 37
763 253 23
927 253 22
2374 253 22
729 254 50
730 254 47
982 254 44
1146 254 29
1427 254 39
1532 254 21
164 255 22
200 255 27
268 255 26
165 256 47
201 256 26
269 256 23
388 256 26
119 260 44
185 261 31
979 262 21
1502 262 21
18 263 39
20 263 31
27 263 35
61 263 33
82 263 39
383 263 25
385 263 33
664 263 21
1457 263 21
1703 264 22
49 266 50
76 266 45
101 267 40
178 267 33
799 267 21
1485 267 21
2234 267 21
2571 267 21
164 268 26
200 268 29
255 268 26
165 269 29
201 269 47
256 269 23
388 269 33
300 270 21
304 270 30
1483 270 21
301 271 45
303 271 47
305 271 49
317 271 21
319 271 31
451 271 27
461 271 25
472 271 25
476 271 27
487 271 27
941 271 35
942 271 35
1795 271 21
1646 272 28
275 273 32
389 273 23
694 273 25
744 273 28
115 274 23
276 274 22
114 275 30
273 275 32
389 275 27
694 275 29
274 276 22
1515 278 22
22 279 21
285 279 27
808 279 41
741 280 21
809 280 50
1308 280 21
69 281 33
71 281 33
112 281 24
70 282 32
807 282 25
841 284 21
1069 284 25
1390 284 26
1533 284 24
1609 284 21
1785 284 23
2054 284 22
2188 284 21
22 285 26
279 285 27
808 285 30
859 285 22
188 286 44
809 286 29
1170 286 23
50 287 50
100 287 32
102 287 47
177 287 32
51 288 50
103 288 35
178 288 24
870 288 26
41 289 38
43 289 26
1253 291 22
2304 291 21
510 292 25
512 292 27
1252 292 26
511 293 21
513 293 27
515 293 33
58 294 23
1474 294 24
2208 294 22
59 295 21
558 295 23
248 296 25
298 296 36
442 296 22
2386 296 21
2546 296 22
299 297 53
296 298 36
2546 298 23
297 299 53
270 300 21
304 300 35
271 301 45
303 301 47
305 301 47
319 301 23
451 301 26
461 301 25
472 301 25
476 301 25
487 301 22
941 301 35
942 301 35
1486 301 22
271 303 47
301 303 47
305 303 50
315 303 21
319 303 26
451 303 26
461 303 25
472 303 25
476 303 25
487 303 22
941 303 35
942 303 35
1795 303 22
270 304 30
300 304 35
330 304 22
440 304 24
271 305 49
301 305 47
303 305 50
315 305 33
317 305 28
319 305 31
451 305 32
461 305 28
463 305 21
472 305 27
476 305 27
478 305 22
480 305 21
484 305 21
487 305 23
494 305 21
504 305 24
941 305 35
942 305 35
1795 305 31
39 307 25
59 307 21
407 308 54
545 308 33
742 308 25
324 309 44
408 309 35
238 311 23
703 311 30
2050 311 28
426 312 23
2223 312 23
2573 312 22
1626 313 23
316 314 21
448 314 21
1794 314 29
303 315 21
305 315 33
478 315 24
484 315 22
574 315 21
1795 315 35
314 316 21
440 316 21
477 316 21
481 316 25
271 317 21
305 317 28
319 317 23
451 317 25
1795 317 22
456 318 26
483 318 28
746 318 23
1794 318 24
271 319 31
301 319 23
303 319 26
305 319 31
317 319 23
451 319 30
457 319 22
461 319 30
472 319 26
476 319 28
487 319 33
941 319 21
805 320 48
806 321 26
545 323 26
309 324 44
408 324 45
412 325 25
541 326 21
623 326 21
376 328 44
751 328 50
1055 328 41
1173 328 53
1409 328 44
1414 328 44
1420 328 44
1470 328 38
1565 328 47
2063 328 32
2064 328 32
1726 329 21
304 330 22
332 330 35
440 330 24
699 330 47
717 330 33
972 330 21
700 331 24
330 332 35
699 332 29
717 332 21
888 333 21
479 334 21
743 334 22
746 334 21
752 334 21
770 334 39
439 335 21
612 335 25
1119 335 21
1229 337 21
2196 337 21
739 338 22
1996 340 24
351 341 23
1855 343 28
2224 343 27
1070 344 22
2183 344 25
2215 344 26
2433 344 22
2475 344 35
514 345 22
1492 345 21
430 348 22
466 348 23
1291 348 25
437 349 23
1119 349 35
238 350 29
413 350 21
705 350 23
795 350 24
1120 350 42
341 351 23
798 351 26
827 351 22
2197 351 24
2205 351 21
2243 351 24
2303 351 23
2323 351 22
2465 351 25
728 352 47
193 354 51
177 356 21
210 356 33
99 357 47
211 357 43
504 357 21
815 357 21
21 361 23
994 361 28
85 362 21
252 362 22
1276 362 21
1815 362 21
107 363 31
2119 363 27
172 367 25
192 368 54
2489 368 22
1810 372 21
88 374 50
203 374 21
1186 374 21
2021 374 23
1343 375 21
328 376 44
751 376 35
1055 376 30
1173 376 38
1409 376 29
1414 376 32
1420 376 29
1470 376 33
1565 376 42
1134 377 27
1362 377 25
1687 377 22
2406 377 25
1636 378 22
14 379 26
171 379 29
444 379 26
874 379 21
18 383 26
20 383 53
27 383 31
61 383 23
82 383 26
263 383 25
385 383 30
1096 383 24
908 384 22
18 385 47
20 385 30
27 385 51
61 385 44
82 385 45
263 385 33
383 385 30
449 385 23
19 386 23
28 386 23
62 386 23
165 388 32
201 388 35
256 388 26
269 388 33
273 389 23
275 389 27
694 389 54
744 389 24
772 390 29
516 391 38
773 391 23
1671 395 23
747 396 26
2262 396 23
703 397 37
915 400 24
958 400 22
2320 403 21
717 404 22
2185 404 21
437 405 24
598 405 21
704 405 29
1119 405 38
308 407 54
545 407 31
742 407 25
309 408 35
324 408 45
1725 409 22
1880 409 21
856 410 21
949 410 23
1040 410 22
1310 410 26
2158 410 23
2269 410 21
2400 410 22
1946 411 24
2265 411 30
325 412 25
702 412 21
1451 412 24
2444 412 23
350 413 21
1938 414 21
1091 415 25
237 416 24
546 416 45
979 416 21
541 417 21
547 417 32
2210 417 22
206 421 21
1791 422 21
1301 423 24
1364 423 24
312 426 23
231 428 44
2491 428 23
2106 429 23
348 430 22
2096 431 22
2536 431 21
513 432 23
1104 435 21
1536 435 23
237 437 25
349 437 23
405 437 24
1119 437 32
2429 437 22
1058 438 22
335 439 21
304 440 24
316 440 21
330 440 24
479 440 23
625 440 26
804 440 38
972 440 28
248 442 38
296 442 22
249 443 40
827 443 21
14 444 39
171 444 33
251 444 23
379 444 26
445 444 21
786 444 22
444 445 21
2229 445 24
116 446 35
118 446 53
120 446 30
314 448 21
506 448 21
1794 448 24
1894 448 21
385 449 23
457 449 22
271 451 27
301 451 26
303 451 26
305 451 32
317 451 25
319 451 30
457 451 29
459 451 26
461 451 35
463 451 30
465 451 33
472 451 45
476 451 45
480 451 21
487 451 33
494 451 24
498 451 22
499 451 22
504 451 30
941 451 24
454 452 45
456 452 22
477 452 28
483 452 28
491 452 21
506 452 31
746 452 23
936 452 21
455 453 28
457 453 26
461 453 21
487 453 22
452 454 45
477 454 22
483 454 22
506 454 24
1166 454 21
453 455 28
457 455 39
459 455 23
465 455 28
472 455 25
476 455 25
482 455 24
488 455 24
499 455 27
504 455 31
2128 455 21
318 456 26
452 456 22
458 456 32
462 456 24
464 456 32
468 456 32
470 456 26
474 456 26
475 456 26
477 456 36
479 456 24
481 456 26
483 456 50
486 456 22
493 456 32
495 456 22
497 456 26
501 456 32
503 456 32
505 456 22
746 456 42
1071 456 22
319 457 22
449 457 22
451 457 29
453 457 26
455 457 39
459 457 25
465 457 33
472 457 35
476 457 37
487 457 21
499 457 21
504 457 25
678 457 22
456 458 32
460 458 35
462 458 41
464 458 59
466 458 29
468 458 59
470 458 47
474 458 50
475 458 50
477 458 29
479 458 31
483 458 30
486 458 28
489 458 21
493 458 59
495 458 27
497 458 50
501 458 59
503 458 59
505 458 27
746 458 30
451 459 26
455 459 23
457 459 25
463 459 25
465 459 44
472 459 35
476 459 35
482 459 31
487 459 21
488 459 31
499 459 33
504 459 41
458 460 35
462 460 35
464 460 35
466 460 41
468 460 35
470 460 38
474 460 38
475 460 38
477 460 24
479 460 30
483 460 24
486 460 24
493 460 35
495 460 24
497 460 38
501 460 35
503 460 35
505 460 24
1501 460 23
271 461 25
301 461 25
303 461 25
305 461 28
319 461 30
451 461 35
453 461 21
463 461 27
465 461 24
472 461 33
476 461 33
480 461 25
482 461 24
485 461 24
487 461 35
488 461 24
494 461 26
496 461 24
498 461 26
502 461 23
504 461 27
941 461 24
2201 461 28
62 462 21
456 462 24
458 462 41
460 462 35
464 462 41
466 462 35
468 462 41
470 462 47
474 462 50
475 462 50
477 462 35
479 462 39
483 462 26
486 462 27
493 462 41
495 462 27
497 462 50
501 462 41
503 462 41
505 462 27
746 462 22
18 463 23
27 463 23
61 463 21
82 463 23
305 463 21
451 463 30
459 463 25
461 463 27
465 463 29
467 463 35
469 463 28
471 463 37
472 463 35
473 463 33
476 463 35
478 463 32
480 463 26
482 463 23
484 463 37
485 463 23
487 463 22
488 463 23
490 463 30
494 463 22
496 463 27
498 463 28
499 463 21
500 463 30
502 463 24
504 463 27
2093 463 23
456 464 32
458 464 59
460 464 35
462 464 41
466 464 29
468 464 59
470 464 47
474 464 50
475 464 50
477 464 29
479 464 31
483 464 30
486 464 28
489 464 21
493 464 59
495 464 27
497 464 50
501 464 59
503 464 59
505 464 27
746 464 30
451 465 33
455 465 28
457 465 33
459 465 44
461 465 24
463 465 29
472 465 42
473 465 23
476 465 44
482 465 37
484 465 25
485 465 23
487 465 21
488 465 37
499 465 40
502 465 24
504 465 48
348 466 23
458 466 29
460 466 41
462 466 35
464 466 29
468 466 29
470 466 38
474 466 38
475 466 38
477 466 24
479 466 30
493 466 29
497 466 38
501 466 29
503 466 29
463 467 35
469 467 35
471 467 37
472 467 23
473 467 37
476 467 23
478 467 35
480 467 44
484 467 29
485 467 22
490 467 25
494 467 25
496 467 34
498 467 38
500 467 25
456 468 32
458 468 59
460 468 35
462 468 41
464 468 59
466 468 29
470 468 47
474 468 50
475 468 50
477 468 29
479 468 31
483 468 30
486 468 28
489 468 21
493 468 59
495 468 27
497 468 50
501 468 59
503 468 59
505 468 27
746 468 30
463 469 28
467 469 35
471 469 29
473 469 31
476 469 21
478 469 24
480 469 29
485 469 22
494 469 21
496 469 26
498 469 27
456 470 26
458 470 47
460 470 38
462 470 47
464 470 47
466 470 38
468 470 47
474 470 56
475 470 56
477 470 33
479 470 43
481 470 26
483 470 22
486 470 28
489 470 23
493 470 47
495 470 27
497 470 56
501 470 47
503 470 47
505 470 27
746 470 24
463 471 37
467 471 37
469 471 29
472 471 23
473 471 39
476 471 23
478 471 50
480 471 28
484 471 25
490 471 22
494 471 22
496 471 32
498 471 33
500 471 22
2211 471 23
271 472 25
301 472 25
303 472 25
305 472 27
319 472 26
451 472 45
455 472 25
457 472 35
459 472 35
461 472 33
463 472 35
465 472 42
467 472 23
471 472 23
473 472 23
476 472 54
478 472 21
482 472 28
484 472 25
485 472 28
487 472 31
488 472 28
494 472 27
499 472 31
502 472 27
504 472 39
941 472 24
463 473 33
465 473 23
467 473 37
469 473 31
471 473 39
472 473 23
476 473 26
478 473 38
480 473 28
484 473 36
490 473 25
494 473 26
496 473 32
498 473 37
500 473 25
502 473 23
456 474 26
458 474 50
460 474 38
462 474 50
464 474 50
466 474 38
468 474 50
470 474 56
475 474 59
477 474 35
479 474 40
481 474 26
483 474 24
486 474 28
489 474 24
493 474 50
495 474 27
497 474 59
501 474 50
503 474 50
505 474 27
746 474 24
456 475 26
458 475 50
460 475 38
462 475 50
464 475 50
466 475 38
468 475 50
470 475 56
474 475 59
477 475 35
479 475 40
481 475 26
483 475 24
486 475 28
489 475 24
493 475 50
495 475 27
497 475 59
501 475 50
503 475 50
505 475 27
746 475 24
271 476 27
301 476 25
303 476 25
305 476 27
319 476 28
451 476 45
455 476 25
457 476 37
459 476 35
461 476 33
463 476 35
465 476 44
467 476 23
469 476 21
471 476 23
472 476 54
473 476 26
478 476 21
482 476 28
484 476 25
485 476 28
487 476 34
488 476 28
494 476 27
499 476 31
502 476 27
504 476 39
941 476 24
316 477 21
452 477 28
454 477 22
456 477 36
458 477 29
460 477 24
462 477 35
464 477 29
466 477 24
468 477 29
470 477 33
474 477 35
475 477 35
479 477 26
481 477 30
483 477 36
491 477 23
493 477 29
497 477 35
501 477 29
503 477 29
506 477 23
746 477 27
305 478 22
315 478 24
463 478 32
467 478 35
469 478 24
471 478 50
472 478 21
473 478 38
476 478 21
480 478 29
484 478 33
485 478 22
490 478 30
494 478 26
496 478 30
498 478 35
500 478 26
502 478 23
504 478 21
2211 478 23
334 479 21
440 479 23
456 479 24
458 479 31
460 479 30
462 479 39
464 479 31
466 479 30
468 479 31
470 479 43
474 479 40
475 479 40
477 479 26
483 479 26
486 479 44
493 479 31
495 479 36
497 479 40
501 479 31
503 479 31
505 479 36
746 479 32
770 479 22
305 480 21
451 480 21
461 480 25
463 480 26
467 480 44
469 480 29
471 480 28
473 480 28
478 480 29
484 480 23
490 480 21
494 480 25
496 480 37
498 480 44
500 480 21
2021 480 21
316 481 25
456 481 26
470 481 26
474 481 26
475 481 26
477 481 30
497 481 26
455 482 24
459 482 31
461 482 24
463 482 23
465 482 37
472 482 28
476 482 28
484 482 26
485 482 37
488 482 59
494 482 24
499 482 54
502 482 36
504 482 46
318 483 28
452 483 28
454 483 22
456 483 50
458 483 30
460 483 24
462 483 26
464 483 30
468 483 30
470 483 22
474 483 24
475 483 24
477 483 36
479 483 26
486 483 24
493 483 30
495 483 24
497 483 24
501 483 30
503 483 30
505 483 24
746 483 43
1071 483 22
242 484 21
305 484 21
315 484 22
463 484 37
465 484 25
467 484 29
471 484 25
472 484 25
473 484 36
476 484 25
478 484 33
480 484 23
482 484 26
485 484 22
488 484 26
490 484 34
496 484 21
498 484 26
499 484 23
500 484 32
502 484 25
504 484 29
983 484 21
461 485 24
463 485 23
465 485 23
467 485 22
469 485 22
472 485 28
476 485 28
478 485 22
482 485 37
484 485 22
488 485 37
494 485 31
499 485 32
502 485 39
504 485 32
456 486 22
458 486 28
460 486 24
462 486 27
464 486 28
468 486 28
470 486 28
474 486 28
475 486 28
479 486 44
483 486 24
493 486 28
495 486 45
497 486 28
501 486 28
503 486 28
505 486 45
746 486 30
242 487 23
271 487 27
301 487 22
303 487 22
305 487 23
319 487 33
451 487 33
453 487 22
457 487 21
459 487 21
461 487 35
463 487 22
465 487 21
472 487 31
476 487 34
779 487 22
941 487 21
1651 487 22
2201 487 21
455 488 24
459 488 31
461 488 24
463 488 23
465 488 37
472 488 28
476 488 28
482 488 59
484 488 26
485 488 37
494 488 24
499 488 54
502 488 36
504 488 46
458 489 21
464 489 21
468 489 21
470 489 23
474 489 24
475 489 24
493 489 21
497 489 24
501 489 21
503 489 21
463 490 30
467 490 25
471 490 22
473 490 25
478 490 30
480 490 21
484 490 34
498 490 24
500 490 59
1464 490 21
452 491 21
477 491 23
506 491 39
1151 491 22
507 492 47
2509 492 28
456 493 32
458 493 59
460 493 35
462 493 41
464 493 59
466 493 29
468 493 59
470 493 47
474 493 50
475 493 50
477 493 29
479 493 31
483 493 30
486 493 28
489 493 21
495 493 27
497 493 50
501 493 59
503 493 59
505 493 27
746 493 30
305 494 21
451 494 24
461 494 26
463 494 22
467 494 25
469 494 21
471 494 22
472 494 27
473 494 26
476 494 27
478 494 26
480 494 25
482 494 24
485 494 31
488 494 24
496 494 24
498 494 26
502 494 29
504 494 24
2201 494 21
456 495 22
458 495 27
460 495 24
462 495 27
464 495 27
468 495 27
470 495 27
474 495 27
475 495 27
479 495 36
483 495 24
486 495 45
493 495 27
497 495 27
501 495 27
503 495 27
505 495 53
746 495 24
242 496 22
461 496 24
463 496 27
467 496 34
469 496 26
471 496 32
473 496 32
478 496 30
480 496 37
484 496 21
494 496 24
498 496 42
456 497 26
458 497 50
460 497 38
462 497 50
464 497 50
466 497 38
468 497 50
470 497 56
474 497 59
475 497 59
477 497 35
479 497 40
481 497 26
483 497 24
486 497 28
489 497 24
493 497 50
495 497 27
501 497 50
503 497 50
505 497 27
746 497 24
242 498 25
451 498 22
461 498 26
463 498 28
467 498 38
469 498 27
471 498 33
473 498 37
478 498 35
480 498 44
484 498 26
490 498 24
494 498 26
496 498 42
500 498 24
2021 498 23
2093 498 21
451 499 22
455 499 27
457 499 21
459 499 33
463 499 21
465 499 40
472 499 31
476 499 31
482 499 54
484 499 23
485 499 32
488 499 54
502 499 31
504 499 49
463 500 30
467 500 25
471 500 22
473 500 25
478 500 26
480 500 21
484 500 32
490 500 59
498 500 24
1464 500 21
456 501 32
458 501 59
460 501 35
462 501 41
464 501 59
466 501 29
468 501 59
470 501 47
474 501 50
475 501 50
477 501 29
479 501 31
483 501 30
486 501 28
489 501 21
493 501 59
495 501 27
497 501 50
503 501 59
505 501 27
746 501 30
163 502 22
461 502 23
463 502 24
465 502 24
472 502 27
473 502 23
476 502 27
478 502 23
482 502 36
484 502 25
485 502 39
488 502 36
494 502 29
499 502 31
504 502 33
456 503 32
458 503 59
460 503 35
462 503 41
464 503 59
466 503 29
468 503 59
470 503 47
474 503 50
475 503 50
477 503 29
479 503 31
483 503 30
486 503 28
489 503 21
493 503 59
495 503 27
497 503 50
501 503 59
505 503 27
746 503 30
305 504 24
357 504 21
451 504 30
455 504 31
457 504 25
459 504 41
461 504 27
463 504 27
465 504 48
472 504 39
476 504 39
478 504 21
482 504 46
484 504 29
485 504 32
488 504 46
494 504 24
499 504 49
502 504 33
456 505 22
458 505 27
460 505 24
462 505 27
464 505 27
468 505 27
470 505 27
474 505 27
475 505 27
479 505 36
483 505 24
486 505 45
493 505 27
495 505 53
497 505 27
501 505 27
503 505 27
746 505 24
448 506 21
452 506 31
454 506 24
477 506 23
491 506 39
492 507 47
2509 507 28
1799 508 24
2019 508 23
140 509 23
1800 509 35
1923 509 21
2481 509 21
292 510 25
512 510 31
1252 510 32
2260 510 21
293 511 21
513 511 32
515 511 36
133 512 21
139 512 21
292 512 27
510 512 31
1252 512 31
1600 512 21
293 513 27
432 513 23
511 513 32
515 513 47
345 514 22
1252 514 24
2409 514 21
293 515 33
511 515 36
513 515 47
26 516 22
60 516 22
391 516 38
773 516 24
1492 516 25
131 517 21
1016 518 21
1598 518 21
1660 518 23
682 520 27
1175 520 24
763 521 21
2192 521 21
2442 521 21
525 523 22
966 523 40
968 523 26
2292 523 24
967 524 25
969 524 59
523 525 22
966 525 21
968 525 23
2127 525 28
535 526 25
739 527 21
534 528 21
1166 528 21
531 529 21
532 530 35
534 530 25
818 530 39
1166 530 21
529 531 21
530 532 35
534 532 37
818 532 24
1166 532 29
1167 533 35
1315 533 23
528 534 21
530 534 25
532 534 37
818 534 21
1166 534 24
1846 534 22
526 535 25
1167 535 38
775 536 21
1718 537 23
242 540 21
1819 540 21
326 541 21
417 541 21
1138 544 23
203 545 21
308 545 33
323 545 26
407 545 31
237 546 28
416 546 45
417 547 32
570 548 39
1887 549 21
1761 550 21
39 554 24
59 554 44
46 556 23
1314 556 21
1965 556 21
96 558 22
295 558 23
563 559 21
2586 560 21
559 563 21
1015 565 21
661 567 21
548 570 39
599 572 26
619 572 30
640 572 30
689 572 27
876 572 25
892 572 21
926 572 21
937 572 21
946 572 26
977 572 21
1130 572 21
1388 572 21
1407 572 30
1410 572 23
1429 572 27
1440 572 27
1455 572 33
1457 572 26
1475 572 55
1500 572 21
1567 572 30
1906 572 25
1955 572 30
1957 572 39
1959 572 28
1983 572 30
2003 572 27
2074 572 27
2539 572 22
596 573 34
623 573 30
641 573 30
877 573 23
928 573 27
938 573 36
1068 573 23
1072 573 31
1159 573 29
1405 573 36
1406 573 23
1421 573 27
1439 573 29
1458 573 27
1476 573 30
1568 573 24
1956 573 36
1960 573 23
2587 573 24
315 574 21
722 575 23
2052 575 27
74 576 21
1261 576 21
2307 578 22
2490 579 24
1816 581 22
588 583 23
583 588 23
1327 589 22
758 590 23
1396 593 24
251 594 21
573 596 34
623 596 38
641 596 37
690 596 21
875 596 26
877 596 32
900 596 28
928 596 36
938 596 42
1068 596 28
1072 596 43
1159 596 37
1405 596 42
1406 596 28
1421 596 31
1430 596 22
1439 596 39
1458 596 37
1476 596 38
1568 596 34
1907 596 24
1956 596 46
1958 596 25
1960 596 25
2075 596 23
2079 596 30
2587 596 30
405 598 21
674 598 25
572 599 26
619 599 29
640 599 39
689 599 48
876 599 33
892 599 26
925 599 26
926 599 27
937 599 30
946 599 32
1130 599 30
1388 599 30
1407 599 39
1410 599 38
1429 599 45
1440 599 45
1455 599 37
1475 599 26
1500 599 27
1567 599 39
1572 599 33
1900 599 24
1906 599 29
1955 599 36
1957 599 33
1959 599 36
1969 599 34
1983 599 36
2003 599 36
2074 599 45
2078 599 25
2539 599 22
2586 599 33
690 600 27
928 600 24
1458 600 24
1568 600 27
2587 600 24
2095 601 23
723 604 53
1403 604 32
2158 605 25
1588 610 28
648 611 22
335 612 25
2148 613 21
2465 613 27
1895 614 21
785 618 23
572 619 30
599 619 29
640 619 36
689 619 30
876 619 33
886 619 25
892 619 30
937 619 27
946 619 34
1130 619 27
1388 619 24
1407 619 36
1410 619 28
1429 619 30
1440 619 30
1455 619 23
1457 619 25
1475 619 30
1500 619 27
1567 619 36
1906 619 33
1955 619 33
1957 619 35
1959 619 37
1969 619 26
1983 619 36
1995 619 24
2003 619 32
2074 619 30
2586 619 21
167 620 24
60 621 21
852 621 21
326 623 21
573 623 30
596 623 38
641 623 31
877 623 29
928 623 34
938 623 34
1068 623 22
1072 623 43
1159 623 36
1405 623 34
1406 623 22
1421 623 21
1439 623 36
1458 623 34
1476 623 37
1568 623 31
1956 623 43
2079 623 23
2587 623 22
440 625 26
109 628 26
1301 629 21
2326 629 22
2357 630 23
1509 633 22
2149 633 21
2398 633 32
2571 633 23
1724 634 21
737 635 21
1604 635 24
868 637 22
2129 637 22
2369 637 21
572 640 30
599 640 39
619 640 36
689 640 44
874 640 23
876 640 42
886 640 34
892 640 37
925 640 22
926 640 23
937 640 38
946 640 46
1130 640 44
1388 640 35
1407 640 53
1410 640 34
1429 640 38
1440 640 38
1455 640 31
1457 640 25
1475 640 30
1500 640 38
1567 640 53
1572 640 26
1900 640 32
1906 640 39
1955 640 44
1957 640 41
1959 640 50
1969 640 36
1983 640 50
1995 640 27
2003 640 46
2074 640 41
2078 640 23
2539 640 21
2586 640 35
573 641 30
596 641 37
623 641 31
877 641 24
928 641 28
938 641 38
1068 641 25
1072 641 36
1159 641 29
1405 641 38
1406 641 25
1421 641 26
1439 641 31
1458 641 29
1476 641 30
1568 641 26
1907 641 21
1956 641 38
1960 641 22
2587 641 29
611 648 22
701 648 21
2184 648 23
1046 649 22
2242 652 21
2429 654 23
2175 660 21
2245 660 21
567 661 21
2257 662 22
56 663 41
18 664 21
82 664 21
263 664 21
1096 664 21
807 665 21
700 668 21
2224 668 22
2287 669 24
1585 671 25
2126 671 22
2163 671 24
598 674 25
1272 674 24
1402 676 50
189 678 21
457 678 22
1316 678 23
1397 679 23
739 680 28
520 682 27
1398 687 26
786 688 26
572 689 27
599 689 48
619 689 30
640 689 44
876 689 33
886 689 25
892 689 28
925 689 28
926 689 29
937 689 32
946 689 37
1067 689 21
1130 689 35
1388 689 35
1407 689 44
1410 689 43
1429 689 47
1440 689 47
1455 689 40
1457 689 22
1475 689 27
1500 689 29
1567 689 44
1572 689 35
1900 689 29
1906 689 30
1955 689 41
1957 689 38
1959 689 41
1969 689 27
1983 689 41
2003 689 37
2074 689 50
2078 689 29
2539 689 27
2586 689 38
596 690 21
600 690 27
928 690 31
938 690 26
1068 690 23
1405 690 26
1406 690 23
1458 690 32
1568 690 29
1956 690 23
1960 690 23
1970 690 21
2587 690 35
914 691 24
2363 691 22
2231 692 22
775 693 22
1577 693 21
273 694 25
275 694 29
389 694 54
744 694 29
795 695 30
2164 695 23
330 699 47
332 699 29
717 699 33
331 700 24
668 700 21
782 700 23
648 701 21
237 702 26
412 702 21
742 702 22
311 703 30
397 703 37
405 704 29
1119 704 22
350 705 23
934 706 21
2236 708 21
2301 709 22
2224 710 22
74 715 27
330 717 33
332 717 21
404 717 22
699 717 33
1835 717 21
2120 719 22
575 722 23
2435 722 21
604 723 53
1403 723 32
1361 726 21
1467 726 23
2344 726 25
949 727 23
1083 727 24
1934 727 25
2142 727 25
2179 727 23
2195 727 22
2215 727 21
2343 727 21
2443 727 23
2465 727 21
352 728 47
254 729 50
730 729 47
982 729 44
1146 729 29
1427 729 37
1532 729 21
254 730 47
729 730 47
982 730 44
1146 730 29
1427 730 35
1532 730 23
868 731 24
65 736 23
635 737 21
1735 737 22
1832 737 30
338 739 22
527 739 21
680 739 28
1916 739 23
2498 739 21
280 741 21
5 742 23
67 742 22
308 742 25
407 742 25
702 742 22
1536 742 22
2066 742 23
334 743 22
752 743 45
770 743 29
819 743 23
273 744 28
389 744 24
694 744 29
318 746 23
334 746 21
452 746 23
456 746 42
458 746 30
462 746 22
464 746 30
468 746 30
470 746 24
474 746 24
475 746 24
477 746 27
479 746 32
483 746 43
486 746 30
493 746 30
495 746 24
497 746 24
501 746 30
503 746 30
505 746 24
1071 746 28
396 747 26
917 747 25
2234 748 21
1360 749 21
2464 749 24
328 751 50
376 751 35
1055 751 41
1173 751 50
1409 751 44
1414 751 41
1420 751 41
1470 751 38
1565 751 41
2063 751 34
2064 751 32
334 752 21
743 752 45
770 752 27
819 752 21
1074 752 21
1278 753 21
1516 753 22
1892 753 21
2033 753 22
590 758 23
1761 761 21
2297 761 21
253 763 23
521 763 21
2192 763 22
2252 763 21
2579 763 21
1124 764 24
1368 765 24
1855 767 24
777 768 29
334 770 39
479 770 22
743 770 29
752 770 27
780 771 35
2128 771 32
2197 771 23
390 772 29
1170 772 24
1393 772 22
391 773 23
516 773 24
536 775 21
693 775 22
768 777 29
2127 778 21
487 779 22
780 779 21
771 780 35
779 780 21
1965 780 21
2128 780 29
116 781 23
118 781 27
1100 781 22
700 782 23
1217 782 21
1936 782 24
618 785 23
444 786 22
688 786 26
249 788 21
46 789 26
1064 789 21
1650 790 22
106 791 43
246 792 40
2531 792 22
350 795 24
695 795 30
2505 796 21
2324 797 21
2350 797 23
2392 797 25
351 798 26
861 798 26
1105 798 21
1606 798 23
1739 798 30
1941 798 30
1946 798 23
2132 798 21
2134 798 25
2158 798 26
2160 798 21
2177 798 21
2181 798 21
2189 798 25
2193 798 25
2265 798 21
2269 798 24
2295 798 33
2297 798 21
2301 798 26
2303 798 27
2323 798 26
2343 798 22
2367 798 24
2437 798 34
2439 798 26
2449 798 27
2459 798 23
2479 798 37
101 799 21
267 799 21
1467 801 21
1679 801 24
1735 801 24
2071 801 21
2184 801 24
440 804 38
320 805 48
1399 805 21
321 806 26
282 807 25
665 807 21
22 808 24
279 808 41
285 808 30
188 809 23
280 809 50
286 809 29
1170 809 23
148 810 30
1316 811 23
2408 811 23
94 812 21
95 813 35
2129 814 23
99 815 21
211 815 24
357 815 21
2232 815 22
213 817 23
530 818 39
532 818 24
534 818 21
743 819 23
752 819 21
1872 820 21
1178 822 21
1609 823 21
2057 823 21
2275 825 24
1182 826 21
2330 826 21
249 827 23
351 827 22
443 827 21
1610 827 23
2134 827 23
2177 827 25
2179 827 22
2181 827 21
2203 827 25
2215 827 26
2303 827 23
2361 827 22
2465 827 21
1784 828 21
2217 829 22
1358 831 21
861 832 21
2107 832 24
2465 832 21
2187 836 21
2237 836 28
2485 838 21
284 841 21
887 841 22
1069 841 22
2396 841 21
1674 844 22
856 845 24
2389 845 25
2419 845 24
2274 846 24
940 847 21
2393 847 22
2131 848 22
2398 848 21
90 849 21
2455 849 22
2465 849 21
2485 849 22
1621 850 21
2149 850 21
2206 850 21
2308 850 28
2285 851 21
184 852 22
219 852 23
621 852 21
2174 852 22
2300 852 23
2434 852 24
1110 853 25
2134 853 21
2177 853 24
2229 853 29
2245 853 21
2251 853 30
2271 853 21
2236 854 21
2232 855 28
2436 855 22
410 856 21
845 856 24
2130 856 29
2132 856 25
2142 856 21
2219 856 21
2227 856 21
2235 856 26
2269 856 24
2315 856 21
2323 856 25
1697 857 21
1967 858 23
2210 858 23
285 859 22
2146 859 21
2251 859 21
2367 859 22
2427 859 22
1511 860 23
798 861 26
832 861 21
1739 861 21
2287 861 24
2437 861 23
1805 862 33
2206 862 21
1135 863 21
1636 863 21
1093 865 26
1499 865 26
882 866 23
2112 867 24
637 868 22
731 868 24
51 870 23
103 870 24
288 870 26
1092 871 22
1678 871 23
1735 871 21
1762 871 21
1768 871 24
1815 871 22
2071 871 22
2098 871 22
2202 871 24
2292 871 25
2392 871 25
379 874 21
640 874 23
892 874 21
926 874 21
937 874 27
1067 874 29
1130 874 21
1407 874 23
1567 874 23
1959 874 25
1983 874 23
2078 874 26
596 875 26
877 875 29
900 875 26
921 875 21
928 875 22
938 875 21
1068 875 29
1405 875 21
1406 875 29
1430 875 26
1458 875 23
1568 875 21
1901 875 34
1956 875 23
1958 875 23
1996 875 23
2075 875 23
2079 875 29
572 876 25
599 876 33
619 876 33
640 876 42
689 876 33
886 876 30
892 876 34
925 876 22
937 876 33
946 876 39
1130 876 33
1388 876 24
1407 876 42
1410 876 30
1429 876 33
1440 876 33
1455 876 24
1457 876 24
1475 876 25
1500 876 33
1567 876 42
1572 876 21
1900 876 24
1906 876 48
1955 876 33
1957 876 33
1959 876 41
1969 876 33
1983 876 42
1995 876 26
2003 876 37
2074 876 33
2586 876 24
573 877 23
596 877 32
623 877 29
641 877 24
875 877 29
900 877 29
921 877 21
928 877 36
938 877 30
1068 877 31
1072 877 34
1159 877 33
1405 877 30
1406 877 31
1430 877 22
1439 877 35
1458 877 37
1476 877 33
1568 877 35
1901 877 21
1907 877 25
1956 877 39
1958 877 27
1970 877 23
1996 877 23
2075 877 27
2079 877 30
2587 877 26
2223 878 24
2333 878 22
2367 878 21
1936 879 21
898 881 24
866 882 23
619 886 25
640 886 34
689 886 25
876 886 30
892 886 31
925 886 22
937 886 25
946 886 43
1130 886 33
1388 886 22
1407 886 34
1410 886 37
1429 886 22
1440 886 22
1457 886 21
1500 886 30
1567 886 34
1900 886 24
1906 886 27
1955 886 28
1957 886 28
1959 886 34
1969 886 29
1983 886 34
1995 886 45
2003 886 28
2074 886 25
2539 886 26
2548 886 21
2586 886 24
841 887 22
1505 887 25
1785 887 22
2396 887 22
333 888 21
1362 889 21
2260 889 21
40 890 29
42 890 38
1605 891 25
572 892 21
599 892 26
619 892 30
640 892 37
689 892 28
874 892 21
876 892 34
886 892 31
926 892 28
937 892 35
946 892 33
1130 892 32
1388 892 21
1407 892 37
1410 892 24
1429 892 28
1440 892 28
1457 892 25
1475 892 21
1500 892 32
1567 892 37
1572 892 22
1900 892 23
1906 892 31
1955 892 29
1957 892 29
1959 892 42
1969 892 34
1983 892 37
1995 892 27
2003 892 32
2074 892 28
2078 892 22
2586 892 23
881 898 24
920 899 41
1158 899 41
1477 899 41
2000 899 22
596 900 28
875 900 26
877 900 29
921 900 30
938 900 21
1068 900 29
1072 900 22
1159 900 25
1405 900 21
1406 900 29
1439 900 25
1458 900 21
1476 900 25
1568 900 21
1907 900 29
1956 900 25
2079 900 26
2064 903 22
1140 907 22
1413 907 21
1444 907 21
1704 907 24
1749 907 21
1768 907 22
2069 907 26
2124 907 21
2464 907 27
2502 907 21
384 908 22
1670 908 21
2372 909 23
691 914 24
1353 914 21
400 915 24
958 915 45
1196 915 21
747 917 25
1337 917 21
1348 917 21
1496 917 21
1527 917 22
1110 919 38
1806 919 22
2487 919 22
899 920 41
1158 920 56
1477 920 56
875 921 21
877 921 21
900 921 30
1068 921 22
1406 921 22
1996 921 31
1561 922 23
1783 922 21
173 924 21
40 925 22
42 925 25
599 925 26
640 925 22
689 925 28
876 925 22
886 925 22
926 925 31
946 925 28
1067 925 25
1370 925 27
1407 925 22
1410 925 34
1429 925 28
1440 925 28
1567 925 22
1955 925 23
1957 925 22
1959 925 22
1983 925 22
2074 925 28
2078 925 34
572 926 21
599 926 27
640 926 23
689 926 29
874 926 21
892 926 28
925 926 31
1067 926 27
1407 926 23
1410 926 25
1429 926 29
1440 926 29
1455 926 27
1475 926 21
1567 926 23
1572 926 30
1955 926 22
1957 926 21
1959 926 25
1969 926 22
1983 926 23
2074 926 29
2078 926 35
253 927 22
573 928 27
596 928 36
600 928 24
623 928 34
641 928 28
690 928 31
875 928 22
877 928 36
938 928 34
1072 928 38
1159 928 34
1405 928 34
1421 928 24
1439 928 36
1458 928 52
1476 928 35
1568 928 49
1956 928 43
1958 928 28
1970 928 22
2079 928 24
2587 928 37
1034 929 21
1386 929 23
1025 932 21
1408 932 43
1549 933 50
706 934 21
1846 934 21
2432 934 22
1259 935 23
1912 935 24
452 936 21
1007 936 22
572 937 21
599 937 30
619 937 27
640 937 38
689 937 32
874 937 27
876 937 33
886 937 25
892 937 35
946 937 31
1067 937 21
1130 937 35
1388 937 32
1407 937 38
1410 937 25
1429 937 32
1440 937 32
1455 937 22
1475 937 21
1500 937 35
1567 937 38
1900 937 29
1906 937 30
1955 937 29
1957 937 29
1959 937 35
1969 937 27
1983 937 38
1995 937 21
2003 937 33
2074 937 32
2586 937 29
573 938 36
596 938 42
623 938 34
641 938 38
690 938 26
875 938 21
877 938 30
900 938 21
928 938 34
1068 938 31
1072 938 39
1159 938 35
1405 938 56
1406 938 31
1421 938 37
1430 938 23
1439 938 37
1458 938 35
1476 938 36
1568 938 32
1901 938 21
1907 938 25
1956 938 44
1960 938 26
1970 938 25
2075 938 30
2079 938 23
2587 938 35
847 940 21
1042 940 24
271 941 35
301 941 35
303 941 35
305 941 35
319 941 21
451 941 24
461 941 24
472 941 24
476 941 24
487 941 21
942 941 26
271 942 35
301 942 35
303 942 35
305 942 35
941 942 26
1041 945 25
572 946 26
599 946 32
619 946 34
640 946 46
689 946 37
876 946 39
886 946 43
892 946 33
925 946 28
937 946 31
1130 946 37
1388 946 31
1407 946 46
1410 946 43
1429 946 31
1440 946 31
1455 946 24
1457 946 24
1475 946 26
1500 946 31
1567 946 46
1900 946 25
1906 946 36
1955 946 40
1957 946 37
1959 946 46
1969 946 29
1983 946 43
1995 946 36
2003 946 39
2074 946 34
2539 946 24
2586 946 28
1 951 21
8 951 21
10 951 22
13 951 23
1856 952 25
2015 952 24
1150 954 21
1511 954 21
986 955 24
1848 955 27
1489 956 24
400 958 22
915 958 45
1196 958 21
150 960 27
1963 960 28
1964 961 28
1502 963 21
523 966 40
525 966 21
968 966 42
2505 966 21
524 967 25
969 967 24
2128 967 21
523 968 26
525 968 23
966 968 42
1166 968 22
524 969 59
967 969 24
178 970 24
1607 971 21
330 972 21
440 972 28
1577 974 24
1638 974 25
2180 976 22
572 977 21
1475 977 21
1568 978 22
2587 978 23
262 979 21
416 979 21
1454 979 23
1815 979 24
2037 979 23
254 982 44
729 982 44
730 982 44
1146 982 29
1427 982 35
1532 982 21
484 983 21
1001 983 22
11 984 29
2043 985 23
955 986 24
1638 986 21
1815 988 23
2124 988 25
1842 989 22
2100 990 27
88 991 22
361 994 28
1586 994 27
2039 995 22
2536 996 22
2060 998 23
2359 998 21
1096 999 23
1437 999 25
2466 999 35
144 1001 23
983 1001 22
2465 1001 23
2483 1001 22
936 1007 22
1488 1009 21
2438 1010 22
2461 1014 24
565 1015 21
518 1016 21
1057 1016 21
1670 1017 23
2527 1023 21
932 1025 21
1408 1025 21
2057 1025 22
2126 1025 21
198 1027 23
145 1034 23
929 1034 21
1308 1034 28
410 1040 22
945 1041 25
1060 1041 21
940 1042 24
1360 1042 21
2342 1042 21
1414 1043 22
2426 1043 21
1626 1045 21
1669 1045 29
649 1046 22
2449 1046 24
122 1047 23
93 1048 30
130 1048 30
1626 1052 21
2196 1052 22
89 1053 28
1602 1053 22
2220 1053 22
2338 1053 22
328 1055 41
376 1055 30
751 1055 41
1173 1055 41
1409 1055 35
1414 1055 41
1420 1055 32
1470 1055 32
1565 1055 32
2063 1055 23
2064 1055 32
141 1057 21
1016 1057 21
1318 1057 21
1343 1057 22
438 1058 22
1442 1059 21
1041 1060 21
2496 1060 23
1665 1062 22
226 1063 21
1178 1063 24
1605 1063 21
2529 1063 21
46 1064 25
789 1064 21
1432 1064 21
689 1067 21
874 1067 29
925 1067 25
926 1067 27
937 1067 21
1429 1067 21
1440 1067 21
1457 1067 21
2074 1067 21
2078 1067 41
573 1068 23
596 1068 28
623 1068 22
641 1068 25
690 1068 23
875 1068 29
877 1068 31
900 1068 29
921 1068 22
938 1068 31
1072 1068 24
1159 1068 23
1405 1068 31
1406 1068 62
1430 1068 35
1439 1068 23
1458 1068 21
1476 1068 23
1901 1068 27
1907 1068 44
1956 1068 27
1960 1068 28
1970 1068 23
2075 1068 32
2079 1068 29
2587 1068 25
284 1069 25
841 1069 22
1178 1069 22
2214 1069 23
2338 1069 21
2396 1069 21
2470 1069 22
344 1070 22
1852 1070 21
2405 1070 23
2475 1070 22
456 1071 22
483 1071 22
746 1071 28
573 1072 31
596 1072 43
623 1072 43
641 1072 36
877 1072 34
900 1072 22
928 1072 38
938 1072 39
1068 1072 24
1159 1072 39
1405 1072 39
1406 1072 24
1421 1072 26
1439 1072 41
1458 1072 39
1476 1072 40
1568 1072 36
1901 1072 21
1956 1072 48
1958 1072 21
1960 1072 21
2079 1072 26
2587 1072 27
186 1074 23
752 1074 21
2206 1079 21
2224 1079 28
2396 1079 23
2406 1079 23
727 1083 24
1364 1083 41
2142 1083 21
2257 1083 22
1365 1084 26
1194 1085 22
2313 1087 22
1474 1088 21
415 1091 25
871 1092 22
1687 1092 21
2292 1092 22
865 1093 26
1499 1093 47
1372 1094 24
1647 1094 24
1704 1094 21
2434 1094 21
20 1096 21
383 1096 24
664 1096 21
999 1096 23
1351 1096 21
2029 1097 22
2129 1099 22
2171 1099 21
781 1100 22
435 1104 21
1536 1104 23
2145 1104 21
2230 1104 21
2324 1104 21
2418 1104 21
798 1105 21
1433 1105 22
2177 1105 22
2181 1105 27
2271 1105 23
89 1106 21
1403 1106 24
1515 1108 21
1827 1109 21
853 1110 25
919 1110 38
1806 1110 22
2229 1110 21
209 1111 28
2546 1113 22
2386 1114 21
2465 1116 26
1768 1117 21
1840 1117 21
2392 1117 23
2428 1117 22
2478 1117 22
335 1119 21
349 1119 35
405 1119 38
437 1119 32
704 1119 22
238 1120 30
350 1120 42
1238 1121 21
1529 1121 21
89 1122 25
2230 1122 22
764 1124 24
1346 1129 48
1768 1129 21
572 1130 21
599 1130 30
619 1130 27
640 1130 44
689 1130 35
874 1130 21
876 1130 33
886 1130 33
892 1130 32
937 1130 35
946 1130 37
1388 1130 32
1407 1130 44
1410 1130 25
1429 1130 29
1440 1130 29
1455 1130 22
1475 1130 21
1500 1130 47
1567 1130 44
1900 1130 38
1906 1130 30
1955 1130 35
1957 1130 32
1959 1130 41
1969 1130 30
1983 1130 41
1995 1130 26
2003 1130 37
2074 1130 32
2539 1130 30
2586 1130 41
1482 1133 31
377 1134 27
863 1135 21
2138 1135 21
1727 1137 24
200 1138 21
544 1138 23
1918 1138 25
2122 1138 21
907 1140 22
1303 1141 21
1527 1141 21
2346 1141 27
2398 1141 27
159 1144 24
2183 1144 22
1206 1145 21
1461 1145 21
254 1146 29
729 1146 29
730 1146 29
982 1146 29
1427 1146 23
2384 1146 22
2455 1147 21
954 1150 21
491 1151 22
1338 1151 21
1349 1151 21
1471 1151 21
1494 1151 21
2310 1153 22
2182 1154 22
1867 1155 21
2134 1155 21
2279 1155 27
1522 1157 22
899 1158 41
920 1158 56
1477 1158 56
573 1159 29
596 1159 37
623 1159 36
641 1159 29
877 1159 33
900 1159 25
928 1159 34
938 1159 35
1068 1159 23
1072 1159 39
1405 1159 35
1406 1159 23
1421 1159 26
1439 1159 47
1458 1159 35
1476 1159 46
1568 1159 35
1907 1159 23
1956 1159 44
1958 1159 22
1960 1159 22
2079 1159 25
2587 1159 23
1967 1161 22
1614 1162 22
1939 1165 21
454 1166 21
528 1166 21
530 1166 21
532 1166 29
534 1166 24
968 1166 22
2420 1166 24
533 1167 35
535 1167 38
2153 1168 21
188 1170 29
286 1170 23
772 1170 24
809 1170 23
1199 1171 27
1217 1171 31
328 1173 53
376 1173 38
751 1173 50
1055 1173 41
1409 1173 44
1414 1173 44
1420 1173 44
1470 1173 38
1565 1173 44
2063 1173 32
2064 1173 32
2121 1174 21
520 1175 24
822 1178 21
1063 1178 24
1069 1178 22
1445 1178 24
1467 1178 22
1605 1178 23
1621 1178 21
1768 1178 28
1834 1178 21
1880 1178 24
2044 1178 23
2232 1178 26
2266 1178 23
2296 1178 21
2438 1178 23
2470 1178 21
2478 1178 22
2490 1178 22
2527 1178 27
2529 1178 30
2129 1179 21
2424 1179 23
1208 1180 33
826 1182 21
1695 1182 25
240 1184 39
374 1186 21
1291 1187 21
2237 1187 22
2499 1188 24
1948 1189 24
1919 1190 21
2349 1190 21
1938 1192 24
1085 1194 22
1695 1194 21
915 1196 21
958 1196 21
1171 1199 27
1217 1199 36
183 1202 29
1382 1204 24
1145 1206 21
2224 1207 21
2275 1207 23
1180 1208 33
1398 1208 21
1771 1208 21
2391 1210 21
2400 1214 22
782 1217 21
1171 1217 31
1199 1217 36
2184 1222 22
2509 1223 21
2111 1224 21
2427 1225 22
2431 1225 22
2467 1225 23
2062 1227 24
2230 1227 24
2168 1228 24
2434 1228 22
107 1229 26
337 1229 21
98 1235 25
1121 1238 21
1728 1242 21
949 1248 22
2259 1248 21
2267 1248 30
2283 1248 22
2433 1248 22
2451 1248 25
2465 1248 24
1797 1251 21
292 1252 26
510 1252 32
512 1252 31
514 1252 24
291 1253 22
1322 1255 22
2190 1255 22
1546 1256 26
2409 1256 23
935 1259 23
222 1261 21
576 1261 21
1302 1261 28
1873 1261 21
1574 1267 22
2018 1271 24
674 1272 24
145 1275 28
1678 1275 26
362 1276 21
1670 1276 21
2487 1276 24
34 1277 38
174 1277 47
241 1278 23
753 1278 21
1390 1278 26
1427 1278 22
1451 1278 21
1533 1278 42
1566 1278 24
1569 1278 42
1575 1278 22
1609 1278 21
1815 1278 26
2188 1278 21
2234 1278 29
2282 1278 24
2372 1278 21
137 1279 24
1284 1279 21
1672 1279 24
1743 1279 22
2207 1279 24
2285 1279 21
2287 1279 22
2129 1280 30
1283 1281 24
218 1282 21
1284 1282 38
1367 1282 21
1750 1282 28
1964 1282 21
2241 1282 22
1281 1283 24
2292 1283 21
1279 1284 21
1282 1284 38
2207 1284 22
1428 1290 23
2071 1290 21
232 1291 23
348 1291 25
1187 1291 21
1354 1296 23
1933 1298 21
423 1301 24
629 1301 21
1541 1301 24
163 1302 25
1261 1302 28
1141 1303 21
1764 1303 21
280 1308 21
1034 1308 28
2396 1309 21
410 1310 26
1401 1310 24
181 1312 21
1688 1312 21
2371 1312 22
2516 1312 21
556 1314 21
533 1315 23
678 1316 23
811 1316 23
2408 1316 25
1739 1317 21
1057 1318 21
1368 1318 21
1745 1318 24
1779 1319 21
1255 1322 22
2062 1322 21
1340 1326 24
2374 1326 21
589 1327 22
2089 1328 24
1514 1333 21
1437 1334 21
123 1336 24
917 1337 21
1348 1337 59
1496 1337 59
1497 1337 41
178 1338 25
1151 1338 21
1349 1338 49
1494 1338 49
2326 1338 25
2442 1338 22
1326 1340 24
1824 1340 24
2157 1340 21
2166 1341 21
375 1343 21
1057 1343 22
21 1345 21
2518 1345 21
1129 1346 48
917 1348 21
1337 1348 59
1496 1348 59
1497 1348 41
178 1349 25
1151 1349 21
1338 1349 49
1494 1349 58
2019 1349 22
2139 1349 27
2234 1349 21
2326 1349 25
2442 1349 22
1096 1351 21
914 1353 21
1442 1353 21
1622 1353 26
1774 1353 25
2342 1353 29
2529 1353 28
1296 1354 23
2104 1356 25
2552 1356 23
831 1358 21
1520 1358 23
1360 1359 21
1677 1359 21
749 1360 21
1042 1360 21
1359 1360 21
2167 1360 23
2394 1360 21
726 1361 21
377 1362 25
889 1362 21
1641 1362 21
2450 1362 21
423 1364 24
1083 1364 41
2267 1364 23
2303 1364 25
1084 1365 26
1823 1365 21
1945 1365 21
1282 1367 21
765 1368 24
1318 1368 21
2213 1368 22
40 1370 22
42 1370 22
925 1370 27
1094 1372 24
1520 1372 23
2138 1375 22
2289 1379 26
1415 1381 21
1493 1381 23
1204 1382 24
1623 1382 21
2170 1382 29
2236 1383 23
2268 1383 21
929 1386 23
572 1388 21
599 1388 30
619 1388 24
640 1388 35
689 1388 35
876 1388 24
886 1388 22
892 1388 21
937 1388 32
946 1388 31
1130 1388 32
1407 1388 35
1410 1388 28
1429 1388 29
1440 1388 29
1455 1388 22
1475 1388 21
1500 1388 26
1567 1388 35
1900 1388 26
1906 1388 21
1955 1388 41
1957 1388 32
1959 1388 33
1983 1388 32
2003 1388 28
2074 1388 32
2539 1388 21
2586 1388 32
284 1390 26
1278 1390 26
1533 1390 33
1609 1390 23
2054 1390 21
1672 1391 21
772 1393 22
2080 1395 21
593 1396 24
252 1397 24
679 1397 23
687 1398 26
1208 1398 21
1945 1398 21
805 1399 21
229 1401 22
1310 1401 24
676 1402 50
604 1403 32
723 1403 32
1106 1403 24
573 1405 36
596 1405 42
623 1405 34
641 1405 38
690 1405 26
875 1405 21
877 1405 30
900 1405 21
928 1405 34
938 1405 56
1068 1405 31
1072 1405 39
1159 1405 35
1406 1405 31
1421 1405 37
1430 1405 23
1439 1405 37
1458 1405 35
1476 1405 36
1568 1405 32
1901 1405 21
1907 1405 25
1956 1405 44
1960 1405 26
1970 1405 25
2075 1405 30
2079 1405 23
2587 1405 35
573 1406 23
596 1406 28
623 1406 22
641 1406 25
690 1406 23
875 1406 29
877 1406 31
900 1406 29
921 1406 22
938 1406 31
1068 1406 62
1072 1406 24
1159 1406 23
1405 1406 31
1430 1406 35
1439 1406 23
1458 1406 21
1476 1406 23
1901 1406 27
1907 1406 44
1956 1406 27
1960 1406 28
1970 1406 23
2075 1406 32
2079 1406 29
2587 1406 25
572 1407 30
599 1407 39
619 1407 36
640 1407 53
689 1407 44
874 1407 23
876 1407 42
886 1407 34
892 1407 37
925 1407 22
926 1407 23
937 1407 38
946 1407 46
1130 1407 44
1388 1407 35
1410 1407 34
1429 1407 38
1440 1407 38
1455 1407 31
1457 1407 25
1475 1407 30
1500 1407 38
1567 1407 53
1572 1407 26
1900 1407 32
1906 1407 39
1955 1407 44
1957 1407 41
1959 1407 50
1969 1407 36
1983 1407 50
1995 1407 27
2003 1407 46
2074 1407 41
2078 1407 23
2539 1407 21
2586 1407 35
932 1408 43
1025 1408 21
328 1409 44
376 1409 29
751 1409 44
1055 1409 35
1173 1409 44
1414 1409 35
1420 1409 35
1470 1409 35
1565 1409 35
2063 1409 32
2064 1409 26
572 1410 23
599 1410 38
619 1410 28
640 1410 34
689 1410 43
876 1410 30
886 1410 37
892 1410 24
925 1410 34
926 1410 25
937 1410 25
946 1410 43
1130 1410 25
1388 1410 28
1407 1410 34
1429 1410 40
1440 1410 40
1455 1410 33
1457 1410 21
1475 1410 23
1500 1410 22
1567 1410 34
1572 1410 28
1900 1410 22
1906 1410 27
1955 1410 34
1957 1410 34
1959 1410 34
1969 1410 23
1983 1410 34
1995 1410 27
2003 1410 28
2074 1410 43
2078 1410 25
2539 1410 33
2586 1410 28
907 1413 21
1444 1413 24
2069 1413 26
328 1414 44
376 1414 32
751 1414 41
1043 1414 22
1055 1414 41
1173 1414 44
1409 1414 35
1420 1414 35
1470 1414 32
1565 1414 35
2063 1414 23
2064 1414 41
2180 1414 21
1381 1415 21
2429 1416 21
2582 1416 21
150 1417 24
2420 1417 21
2333 1418 24
328 1420 44
376 1420 29
751 1420 41
1055 1420 32
1173 1420 44
1409 1420 35
1414 1420 35
1470 1420 29
1565 1420 35
2063 1420 29
2064 1420 29
573 1421 27
596 1421 31
623 1421 21
641 1421 26
928 1421 24
938 1421 37
1072 1421 26
1159 1421 26
1405 1421 37
1439 1421 28
1458 1421 25
1476 1421 27
1568 1421 25
1956 1421 31
1960 1421 21
2587 1421 26
36 1423 24
1634 1424 21
1467 1426 21
1725 1426 30
2210 1426 23
254 1427 39
729 1427 37
730 1427 35
982 1427 35
1146 1427 23
1278 1427 22
1569 1427 21
1290 1428 23
1768 1428 26
572 1429 27
599 1429 45
619 1429 30
640 1429 38
689 1429 47
876 1429 33
886 1429 22
892 1429 28
925 1429 28
926 1429 29
937 1429 32
946 1429 31
1067 1429 21
1130 1429 29
1388 1429 29
1407 1429 38
1410 1429 40
1440 1429 47
1455 1429 37
1457 1429 22
1475 1429 27
1500 1429 29
1567 1429 38
1572 1429 35
1900 1429 26
1906 1429 30
1955 1429 35
1957 1429 35
1959 1429 35
1969 1429 27
1983 1429 38
2003 1429 33
2074 1429 47
2078 1429 27
2539 1429 24
2586 1429 32
596 1430 22
875 1430 26
877 1430 22
938 1430 23
1068 1430 35
1405 1430 23
1406 1430 35
1901 1430 21
1907 1430 26
1956 1430 21
2079 1430 29
1064 1432 21
1105 1433 22
2520 1433 41
2062 1434 26
2521 1434 37
2571 1434 21
140 1437 22
999 1437 25
1334 1437 21
1456 1437 21
1843 1437 22
1898 1437 22
573 1439 29
596 1439 39
623 1439 36
641 1439 31
877 1439 35
900 1439 25
928 1439 36
938 1439 37
1068 1439 23
1072 1439 41
1159 1439 47
1405 1439 37
1406 1439 23
1421 1439 28
1458 1439 37
1476 1439 44
1568 1439 37
1907 1439 23
1956 1439 46
2079 1439 25
2587 1439 25
572 1440 27
599 1440 45
619 1440 30
640 1440 38
689 1440 47
876 1440 33
886 1440 22
892 1440 28
925 1440 28
926 1440 29
937 1440 32
946 1440 31
1067 1440 21
1130 1440 29
1388 1440 29
1407 1440 38
1410 1440 40
1429 1440 47
1455 1440 37
1457 1440 22
1475 1440 27
1500 1440 29
1567 1440 38
1572 1440 35
1900 1440 26
1906 1440 30
1955 1440 35
1957 1440 35
1959 1440 35
1969 1440 27
1983 1440 38
2003 1440 33
2074 1440 47
2078 1440 27
2539 1440 24
2586 1440 32
1059 1442 21
1353 1442 21
1769 1442 21
9 1444 21
11 1444 21
907 1444 21
1413 1444 24
2066 1444 28
2069 1444 25
1178 1445 24
2246 1446 21
241 1451 25
412 1451 24
1278 1451 21
1569 1451 21
1485 1452 31
1505 1452 22
979 1454 23
572 1455 33
599 1455 37
619 1455 23
640 1455 31
689 1455 40
876 1455 24
926 1455 27
937 1455 22
946 1455 24
1130 1455 22
1388 1455 22
1407 1455 31
1410 1455 33
1429 1455 37
1440 1455 37
1475 1455 33
1567 1455 31
1572 1455 30
1580 1455 23
1906 1455 24
1955 1455 28
1957 1455 28
1959 1455 28
1983 1455 31
2003 1455 28
2074 1455 40
2078 1455 21
2539 1455 29
2586 1455 25
1437 1456 21
1824 1456 25
2064 1456 25
18 1457 21
82 1457 21
263 1457 21
572 1457 26
619 1457 25
640 1457 25
689 1457 22
876 1457 24
886 1457 21
892 1457 25
946 1457 24
1067 1457 21
1407 1457 25
1410 1457 21
1429 1457 22
1440 1457 22
1475 1457 26
1567 1457 25
1906 1457 21
1955 1457 26
1957 1457 34
1959 1457 26
1969 1457 23
1983 1457 25
2074 1457 22
2078 1457 25
573 1458 27
596 1458 37
600 1458 24
623 1458 34
641 1458 29
690 1458 32
875 1458 23
877 1458 37
900 1458 21
928 1458 52
938 1458 35
1068 1458 21
1072 1458 39
1159 1458 35
1405 1458 35
1406 1458 21
1421 1458 25
1439 1458 37
1476 1458 36
1568 1458 50
1956 1458 44
1958 1458 29
1970 1458 23
2079 1458 25
2587 1458 38
1145 1461 21
490 1464 21
500 1464 21
2108 1466 21
726 1467 23
801 1467 21
1178 1467 22
1426 1467 21
1902 1467 24
2060 1467 22
2145 1467 25
2184 1467 21
2370 1467 21
2458 1467 21
2529 1467 24
328 1470 38
376 1470 33
751 1470 38
1055 1470 32
1173 1470 38
1409 1470 35
1414 1470 32
1420 1470 29
1565 1470 29
2063 1470 23
2064 1470 23
1151 1471 21
2230 1471 22
1617 1472 23
58 1474 24
294 1474 24
1088 1474 21
1785 1474 21
572 1475 55
599 1475 26
619 1475 30
640 1475 30
689 1475 27
876 1475 25
892 1475 21
926 1475 21
937 1475 21
946 1475 26
977 1475 21
1130 1475 21
1388 1475 21
1407 1475 30
1410 1475 23
1429 1475 27
1440 1475 27
1455 1475 33
1457 1475 26
1500 1475 21
1567 1475 30
1906 1475 25
1955 1475 30
1957 1475 39
1959 1475 28
1983 1475 30
2003 1475 27
2074 1475 27
2539 1475 22
573 1476 30
596 1476 38
623 1476 37
641 1476 30
877 1476 33
900 1476 25
928 1476 35
938 1476 36
1068 1476 23
1072 1476 40
1159 1476 46
1405 1476 36
1406 1476 23
1421 1476 27
1439 1476 44
1458 1476 36
1568 1476 36
1907 1476 23
1956 1476 45
1958 1476 22
1960 1476 23
2079 1476 25
2587 1476 24
899 1477 41
920 1477 56
1158 1477 56
2248 1479 23
1577 1480 21
2250 1480 27
1133 1482 31
270 1483 21
267 1485 21
1452 1485 31
301 1486 22
1009 1488 21
956 1489 24
2428 1490 24
345 1492 21
516 1492 25
1381 1493 23
1621 1493 24
178 1494 25
1151 1494 21
1338 1494 49
1349 1494 58
2019 1494 22
2139 1494 27
2234 1494 21
2326 1494 25
2442 1494 22
917 1496 21
1337 1496 59
1348 1496 59
1497 1496 41
1337 1497 41
1348 1497 41
1496 1497 41
865 1499 26
1093 1499 47
572 1500 21
599 1500 27
619 1500 27
640 1500 38
689 1500 29
876 1500 33
886 1500 30
892 1500 32
937 1500 35
946 1500 31
1130 1500 47
1388 1500 26
1407 1500 38
1410 1500 22
1429 1500 29
1440 1500 29
1475 1500 21
1567 1500 38
1900 1500 35
1906 1500 30
1955 1500 29
1957 1500 29
1959 1500 35
1969 1500 30
1983 1500 38
1995 1500 26
2003 1500 33
2074 1500 29
2539 1500 27
2586 1500 35
460 1501 23
262 1502 21
963 1502 21
887 1505 25
1452 1505 22
633 1509 22
1925 1509 21
2398 1509 24
2568 1509 26
2334 1510 22
860 1511 23
954 1511 21
1333 1514 21
2502 1514 24
278 1515 22
1108 1515 21
1622 1515 24
753 1516 22
2033 1516 24
1358 1520 23
1372 1520 23
2270 1520 21
1157 1522 22
1621 1522 21
1725 1523 22
0 1525 28
3 1525 28
5 1525 28
7 1525 26
11 1525 26
67 1525 27
166 1525 35
168 1525 35
2500 1526 21
917 1527 22
1141 1527 21
1121 1529 21
1894 1531 21
254 1532 21
729 1532 21
730 1532 23
982 1532 21
284 1533 24
1278 1533 42
1390 1533 33
1569 1533 33
1815 1533 22
2054 1533 21
2188 1533 21
2220 1533 22
2234 1533 28
2282 1533 25
0 1536 32
3 1536 32
5 1536 41
7 1536 21
9 1536 23
11 1536 31
67 1536 26
166 1536 26
168 1536 23
435 1536 23
742 1536 22
1104 1536 23
2065 1536 29
2066 1536 36
2069 1536 21
2070 1536 32
2246 1536 21
2292 1540 23
1301 1541 24
1769 1541 22
1892 1541 24
234 1544 21
1923 1544 21
2384 1544 21
1256 1546 26
1775 1546 21
1737 1547 35
933 1549 50
1949 1552 41
1950 1553 28
173 1554 21
2274 1554 22
1871 1557 21
922 1561 23
328 1565 47
376 1565 42
751 1565 41
1055 1565 32
1173 1565 44
1409 1565 35
1414 1565 35
1420 1565 35
1470 1565 29
2063 1565 26
2064 1565 26
1278 1566 24
1569 1566 22
572 1567 30
599 1567 39
619 1567 36
640 1567 53
689 1567 44
874 1567 23
876 1567 42
886 1567 34
892 1567 37
925 1567 22
926 1567 23
937 1567 38
946 1567 46
1130 1567 44
1388 1567 35
1407 1567 53
1410 1567 34
1429 1567 38
1440 1567 38
1455 1567 31
1457 1567 25
1475 1567 30
1500 1567 38
1572 1567 26
1900 1567 32
1906 1567 39
1955 1567 44
1957 1567 41
1959 1567 50
1969 1567 36
1983 1567 50
1995 1567 27
2003 1567 46
2074 1567 41
2078 1567 23
2539 1567 21
2586 1567 35
573 1568 24
596 1568 34
600 1568 27
623 1568 31
641 1568 26
690 1568 29
875 1568 21
877 1568 35
900 1568 21
928 1568 49
938 1568 32
978 1568 22
1072 1568 36
1159 1568 35
1405 1568 32
1421 1568 25
1439 1568 37
1458 1568 50
1476 1568 36
1956 1568 41
1958 1568 27
1970 1568 25
2079 1568 23
2587 1568 35
241 1569 21
1278 1569 42
1427 1569 21
1451 1569 21
1533 1569 33
1566 1569 22
2188 1569 21
2234 1569 34
2368 1569 21
599 1572 33
640 1572 26
689 1572 35
876 1572 21
892 1572 22
926 1572 30
1407 1572 26
1410 1572 28
1429 1572 35
1440 1572 35
1455 1572 30
1567 1572 26
1955 1572 23
1957 1572 23
1959 1572 23
1969 1572 24
1983 1572 26
2003 1572 21
2074 1572 35
2078 1572 25
2586 1572 23
1679 1573 23
1267 1574 22
1678 1574 22
2182 1574 21
2464 1574 21
1278 1575 22
693 1577 21
974 1577 24
1480 1577 21
2060 1577 26
2472 1577 22
2566 1577 23
1455 1580 23
671 1585 25
1682 1585 23
1815 1585 21
2163 1585 23
2434 1585 22
994 1586 27
2148 1587 22
610 1588 28
1788 1593 21
1745 1597 32
1963 1597 21
2043 1597 23
2200 1597 25
2236 1597 21
518 1598 21
1991 1599 21
1996 1599 21
512 1600 21
1053 1602 22
2155 1602 23
2170 1602 23
251 1603 21
1772 1603 22
3 1604 21
5 1604 21
635 1604 24
891 1605 25
1063 1605 21
1178 1605 23
1768 1605 23
2252 1605 21
2579 1605 21
798 1606 23
1913 1606 26
1946 1606 26
2156 1606 23
2225 1606 21
2295 1606 30
2435 1606 24
2437 1606 23
252 1607 22
971 1607 21
134 1608 22
140 1608 21
284 1609 21
823 1609 21
1278 1609 21
1390 1609 23
2135 1609 25
2399 1609 24
827 1610 23
2134 1610 22
2179 1610 25
2433 1611 21
2336 1612 23
1162 1614 22
1472 1617 23
1791 1618 21
2157 1619 23
2272 1619 21
850 1621 21
1178 1621 21
1493 1621 24
1522 1621 21
2149 1621 22
2206 1621 21
1353 1622 26
1515 1622 24
2167 1622 23
1382 1623 21
1767 1623 21
2256 1623 30
2290 1623 21
1631 1624 48
1632 1625 50
313 1626 23
1045 1626 21
1052 1626 21
47 1627 22
2464 1628 22
1634 1630 50
1624 1631 48
1625 1632 50
1424 1634 21
1630 1634 50
378 1636 22
863 1636 21
974 1638 25
986 1638 21
11 1639 21
2013 1639 36
2066 1639 21
134 1641 21
1362 1641 21
1787 1642 21
2150 1642 24
2173 1642 21
2233 1642 25
2259 1642 22
2369 1642 25
2391 1642 22
2093 1644 23
154 1645 21
272 1646 28
1094 1647 24
2172 1647 21
2434 1647 23
171 1649 24
790 1650 22
487 1651 22
1774 1652 23
2490 1652 21
1676 1653 21
77 1657 21
2128 1657 23
518 1660 23
2141 1664 21
1062 1665 22
2052 1668 21
1045 1669 29
1986 1669 22
2244 1669 21
908 1670 21
1017 1670 23
1276 1670 21
1797 1670 32
1903 1670 28
2447 1670 23
395 1671 23
2302 1671 22
949 1672 21
1279 1672 24
1391 1672 21
1787 1672 21
2160 1672 21
2189 1672 23
2315 1672 26
844 1674 22
2472 1674 21
2243 1675 21
2483 1675 21
1653 1676 21
2224 1676 27
2406 1676 23
2567 1676 22
77 1677 21
1359 1677 21
2392 1677 21
871 1678 23
1275 1678 26
1574 1678 22
1762 1678 21
2116 1678 26
2488 1678 21
801 1679 24
1573 1679 23
2004 1679 21
2261 1680 21
1585 1682 23
2100 1682 21
1940 1684 22
2266 1686 21
377 1687 22
1092 1687 21
2100 1687 23
1312 1688 21
2435 1691 24
2410 1692 30
1808 1693 21
1182 1695 25
1194 1695 21
2478 1695 22
857 1697 21
2149 1698 21
2178 1698 21
2398 1698 21
2526 1701 21
264 1703 22
907 1704 24
1094 1704 21
2116 1704 24
104 1709 24
2069 1710 21
131 1711 22
132 1712 26
1902 1713 21
537 1718 23
2434 1719 21
2204 1721 32
634 1724 21
409 1725 22
1426 1725 30
1523 1725 22
1967 1725 23
107 1726 26
329 1726 21
2344 1726 24
1137 1727 24
1242 1728 21
2426 1734 21
737 1735 22
801 1735 24
871 1735 21
1815 1735 23
2112 1735 21
2184 1735 21
2218 1735 23
2392 1735 25
1789 1736 22
1814 1736 26
2132 1736 26
2253 1736 31
2477 1736 24
1547 1737 35
2528 1738 21
798 1739 30
861 1739 21
1317 1739 21
1941 1739 22
2134 1739 24
2148 1739 29
2295 1739 25
2397 1739 22
2437 1739 22
2439 1739 22
2479 1739 26
1279 1743 22
2348 1744 22
1318 1745 24
1597 1745 32
1767 1745 23
1768 1745 21
2147 1745 21
2200 1745 21
2310 1745 26
907 1749 21
2236 1749 22
2436 1749 21
2546 1749 23
1282 1750 28
1814 1750 24
1825 1750 25
2132 1750 21
2271 1750 24
2449 1750 22
2541 1750 22
2147 1755 21
550 1761 21
761 1761 21
216 1762 22
871 1762 21
1678 1762 21
1303 1764 21
2086 1764 27
2413 1764 23
1623 1767 21
1745 1767 23
871 1768 24
907 1768 22
1117 1768 21
1129 1768 21
1178 1768 28
1428 1768 26
1605 1768 23
1745 1768 21
2069 1768 21
2180 1768 21
2464 1768 22
2468 1768 22
2529 1768 26
2579 1768 22
1442 1769 21
1541 1769 22
1208 1771 21
1603 1772 22
1792 1772 23
1842 1773 21
2185 1773 23
2317 1773 22
2349 1773 21
2441 1773 31
1353 1774 25
1652 1774 23
2226 1774 21
2490 1774 23
1546 1775 21
2205 1775 21
2347 1775 22
179 1777 32
2256 1777 22
2229 1778 21
1319 1779 21
1803 1780 24
1967 1781 25
2358 1781 24
2474 1781 23
1821 1782 23
922 1783 21
2069 1783 22
828 1784 21
2148 1784 24
2255 1784 24
2323 1784 23
2433 1784 21
2465 1784 23
2479 1784 21
284 1785 23
887 1785 22
1474 1785 21
2054 1785 22
1642 1787 21
1672 1787 21
2457 1787 23
1593 1788 21
1736 1789 22
2293 1789 22
422 1791 21
1618 1791 21
1772 1792 23
1854 1793 23
2337 1793 21
314 1794 29
318 1794 24
448 1794 24
271 1795 21
303 1795 22
305 1795 31
315 1795 35
317 1795 22
1251 1797 21
1670 1797 32
1903 1797 31
1944 1798 21
2014 1798 25
508 1799 24
509 1800 35
2176 1801 21
1780 1803 24
862 1805 33
2256 1805 21
919 1806 22
1110 1806 22
2393 1806 21
2485 1806 21
1693 1808 21
372 1810 21
1736 1814 26
1750 1814 24
1848 1814 22
2261 1814 22
362 1815 21
871 1815 22
979 1815 24
988 1815 23
1278 1815 26
1533 1815 22
1585 1815 21
1735 1815 23
2184 1815 22
2188 1815 26
581 1816 22
152 1817 21
540 1819 21
2388 1819 22
242 1820 21
1782 1821 23
1365 1823 21
1340 1824 24
1456 1824 25
2090 1824 21
2190 1824 23
2464 1824 23
1750 1825 25
1835 1825 23
2132 1825 23
205 1826 25
1109 1827 21
737 1832 30
1178 1834 21
717 1835 21
1825 1835 23
2410 1838 24
1117 1840 21
1919 1841 21
2303 1841 21
2349 1841 29
989 1842 22
1773 1842 21
1919 1842 21
2175 1842 22
2185 1842 25
2189 1842 21
1437 1843 22
2147 1843 21
2294 1843 23
2328 1843 22
2434 1843 35
2462 1843 22
534 1846 22
934 1846 21
2209 1847 26
955 1848 27
1814 1848 22
52 1850 22
1070 1852 21
1793 1854 23
145 1855 23
343 1855 28
767 1855 24
2182 1855 23
952 1856 25
2141 1858 21
840 1859 23
1977 1860 21
2426 1860 21
1155 1867 21
2353 1868 24
1557 1871 21
820 1872 21
1261 1873 21
115 1877 21
409 1880 21
1178 1880 24
2529 1880 22
2225 1881 21
2409 1881 21
549 1887 21
99 1891 25
211 1891 23
753 1892 21
1541 1892 24
2375 1893 22
2441 1893 21
448 1894 21
1531 1894 21
2380 1894 24
614 1895 21
1437 1898 22
1919 1899 25
2239 1899 28
599 1900 24
640 1900 32
689 1900 29
876 1900 24
886 1900 24
892 1900 23
937 1900 29
946 1900 25
1130 1900 38
1388 1900 26
1407 1900 32
1410 1900 22
1429 1900 26
1440 1900 26
1500 1900 35
1567 1900 32
1906 1900 21
1955 1900 28
1957 1900 26
1959 1900 29
1969 1900 21
1983 1900 32
2003 1900 34
2074 1900 29
2539 1900 25
2586 1900 38
875 1901 34
877 1901 21
938 1901 21
1068 1901 27
1072 1901 21
1405 1901 21
1406 1901 27
1430 1901 21
1970 1901 21
2075 1901 24
1467 1902 24
1713 1902 21
2188 1902 24
133 1903 24
139 1903 24
1670 1903 28
1797 1903 31
572 1906 25
599 1906 29
619 1906 33
640 1906 39
689 1906 30
876 1906 48
886 1906 27
892 1906 31
937 1906 30
946 1906 36
1130 1906 30
1388 1906 21
1407 1906 39
1410 1906 27
1429 1906 30
1440 1906 30
1455 1906 24
1457 1906 21
1475 1906 25
1500 1906 30
1567 1906 39
1900 1906 21
1955 1906 30
1957 1906 30
1959 1906 38
1969 1906 29
1983 1906 39
1995 1906 26
2003 1906 35
2074 1906 30
2586 1906 21
2079 1907 23
2587 1907 21
596 1907 24
641 1907 21
877 1907 25
2075 1907 23
900 1907 29
938 1907 25
1068 1907 44
1159 1907 23
1405 1907 25
1406 1907 44
1430 1907 26
1439 1907 23
1476 1907 23
1956 1907 23
1960 1907 26
935 1912 24
1606 1913 26
2349 1913 22
739 1916 23
1138 1918 25
2296 1918 22
2434 1918 22
1190 1919 21
1841 1919 21
1842 1919 21
1899 1919 25
1976 1919 21
2189 1919 25
2239 1919 25
2283 1919 23
2349 1919 22
2550 1920 23
2244 1922 23
234 1923 22
509 1923 21
1544 1923 21
1509 1925 21
2392 1925 22
1298 1933 21
2139 1933 21
2468 1933 22
727 1934 25
2179 1934 22
2343 1934 22
782 1936 24
879 1936 21
2131 1936 23
2583 1936 27
414 1938 21
1192 1938 24
1980 1938 22
1165 1939 21
1684 1940 22
2076 1940 21
2106 1940 21
2256 1940 22
249 1941 22
798 1941 30
1739 1941 22
1946 1941 23
2166 1941 23
2175 1941 23
2295 1941 21
2367 1941 23
2437 1941 22
2479 1941 27
2290 1942 24
2442 1942 23
2547 1942 21
1798 1944 21
1365 1945 21
1398 1945 21
2428 1945 22
2533 1945 22
411 1946 24
798 1946 23
1606 1946 26
1941 1946 23
2136 1946 24
2156 1946 21
2164 1946 22
2255 1946 21
2265 1946 24
2267 1946 22
2271 1946 22
2295 1946 24
2323 1946 22
2437 1946 24
2439 1946 21
2479 1946 25
1189 1948 24
1552 1949 41
1553 1950 28
2243 1952 24
572 1955 30
599 1955 36
619 1955 33
640 1955 44
689 1955 41
876 1955 33
886 1955 28
892 1955 29
925 1955 23
926 1955 22
937 1955 29
946 1955 40
1130 1955 35
1388 1955 41
1407 1955 44
1410 1955 34
1429 1955 35
1440 1955 35
1455 1955 28
1457 1955 26
1475 1955 30
1500 1955 29
1567 1955 44
1572 1955 23
1900 1955 28
1906 1955 30
1957 1955 41
1959 1955 42
1969 1955 27
1983 1955 41
1995 1955 21
2003 1955 39
2074 1955 38
2078 1955 22
2539 1955 21
2586 1955 32
573 1956 36
596 1956 46
623 1956 43
641 1956 38
690 1956 23
875 1956 23
877 1956 39
900 1956 25
928 1956 43
938 1956 44
1068 1956 27
1072 1956 48
1159 1956 44
1405 1956 44
1406 1956 27
1421 1956 31
1430 1956 21
1439 1956 46
1458 1956 44
1476 1956 45
1568 1956 41
1907 1956 23
1958 1956 24
1960 1956 24
2075 1956 22
2079 1956 29
2587 1956 32
572 1957 39
599 1957 33
619 1957 35
640 1957 41
689 1957 38
876 1957 33
886 1957 28
892 1957 29
925 1957 22
926 1957 21
937 1957 29
946 1957 37
1130 1957 32
1388 1957 32
1407 1957 41
1410 1957 34
1429 1957 35
1440 1957 35
1455 1957 28
1457 1957 34
1475 1957 39
1500 1957 29
1567 1957 41
1572 1957 23
1900 1957 26
1906 1957 30
1955 1957 41
1959 1957 39
1969 1957 27
1983 1957 41
1995 1957 21
2003 1957 35
2074 1957 38
2078 1957 21
2539 1957 21
2586 1957 29
596 1958 25
875 1958 23
877 1958 27
928 1958 28
1072 1958 21
1159 1958 22
1458 1958 29
1476 1958 22
1568 1958 27
1956 1958 24
1970 1958 23
1996 1958 29
2079 1958 29
572 1959 28
599 1959 36
619 1959 37
640 1959 50
689 1959 41
874 1959 25
876 1959 41
886 1959 34
892 1959 42
925 1959 22
926 1959 25
937 1959 35
946 1959 46
1130 1959 41
1388 1959 33
1407 1959 50
1410 1959 34
1429 1959 35
1440 1959 35
1455 1959 28
1457 1959 26
1475 1959 28
1500 1959 35
1567 1959 50
1572 1959 23
1900 1959 29
1906 1959 38
1955 1959 42
1957 1959 39
1969 1959 33
1983 1959 47
1995 1959 27
2003 1959 43
2074 1959 38
2078 1959 25
2586 1959 32
573 1960 23
596 1960 25
641 1960 22
690 1960 23
938 1960 26
1068 1960 28
1072 1960 21
1159 1960 22
1405 1960 26
1406 1960 28
1421 1960 21
1476 1960 23
1907 1960 26
1956 1960 24
960 1963 28
1597 1963 21
2246 1963 21
961 1964 28
1282 1964 21
556 1965 21
780 1965 21
858 1967 23
1161 1967 22
1725 1967 23
1781 1967 25
2 1968 21
10 1968 21
242 1969 21
599 1969 34
619 1969 26
640 1969 36
689 1969 27
876 1969 33
886 1969 29
892 1969 34
926 1969 22
937 1969 27
946 1969 29
1130 1969 30
1407 1969 36
1410 1969 23
1429 1969 27
1440 1969 27
1457 1969 23
1500 1969 30
1567 1969 36
1572 1969 24
1900 1969 21
1906 1969 29
1955 1969 27
1957 1969 27
1959 1969 33
1983 1969 36
1995 1969 24
2003 1969 34
2074 1969 27
2586 1969 21
690 1970 21
877 1970 23
928 1970 22
938 1970 25
1068 1970 23
1405 1970 25
1406 1970 23
1458 1970 23
1568 1970 25
1901 1970 21
1958 1970 23
2075 1970 25
2079 1970 23
2587 1970 21
2047 1975 21
1919 1976 21
2189 1976 23
2301 1976 22
2367 1976 21
1860 1977 21
1997 1978 22
2576 1978 23
1938 1980 22
572 1983 30
599 1983 36
619 1983 36
640 1983 50
689 1983 41
874 1983 23
876 1983 42
886 1983 34
892 1983 37
925 1983 22
926 1983 23
937 1983 38
946 1983 43
1130 1983 41
1388 1983 32
1407 1983 50
1410 1983 34
1429 1983 38
1440 1983 38
1455 1983 31
1457 1983 25
1475 1983 30
1500 1983 38
1567 1983 50
1572 1983 26
1900 1983 32
1906 1983 39
1955 1983 41
1957 1983 41
1959 1983 47
1969 1983 36
1995 1983 27
2003 1983 44
2074 1983 41
2078 1983 23
2539 1983 21
2586 1983 32
1669 1986 22
1599 1991 21
70 1993 21
619 1995 24
640 1995 27
876 1995 26
886 1995 45
892 1995 27
937 1995 21
946 1995 36
1130 1995 26
1407 1995 27
1410 1995 27
1500 1995 26
1567 1995 27
1906 1995 26
1955 1995 21
1957 1995 21
1959 1995 27
1969 1995 24
1983 1995 27
2003 1995 24
2548 1995 21
340 1996 24
875 1996 23
877 1996 23
921 1996 31
1599 1996 21
1958 1996 29
2079 1996 24
1978 1997 22
899 2000 22
572 2003 27
599 2003 36
619 2003 32
640 2003 46
689 2003 37
876 2003 37
886 2003 28
892 2003 32
937 2003 33
946 2003 39
1130 2003 37
1388 2003 28
1407 2003 46
1410 2003 28
1429 2003 33
1440 2003 33
1455 2003 28
1475 2003 27
1500 2003 33
1567 2003 46
1572 2003 21
1900 2003 34
1906 2003 35
1955 2003 39
1957 2003 35
1959 2003 43
1969 2003 34
1983 2003 44
1995 2003 24
2074 2003 35
2586 2003 28
1679 2004 21
2026 2005 53
2287 2011 22
1639 2013 36
1798 2014 25
952 2015 24
42 2018 24
1271 2018 24
508 2019 23
1349 2019 22
1494 2019 22
2139 2019 21
2230 2019 21
374 2021 23
480 2021 21
498 2021 23
2297 2021 21
53 2024 22
2005 2026 53
1097 2029 22
2517 2031 22
753 2033 22
1516 2033 24
979 2037 23
995 2039 22
2051 2042 22
985 2043 23
1597 2043 23
1178 2044 23
2165 2044 22
62 2046 24
1975 2047 21
311 2050 28
2042 2051 22
575 2052 27
1668 2052 21
2302 2053 23
284 2054 22
1390 2054 21
1533 2054 21
1785 2054 22
2434 2054 21
2272 2055 23
205 2056 24
823 2057 21
1025 2057 22
998 2060 23
1467 2060 22
1577 2060 26
1227 2062 24
1322 2062 21
1434 2062 26
2065 2062 28
2066 2062 26
2069 2062 24
2202 2062 28
2521 2062 21
328 2063 32
751 2063 34
1055 2063 23
1173 2063 32
1409 2063 32
1414 2063 23
1420 2063 29
1470 2063 23
1565 2063 26
2064 2063 25
328 2064 32
751 2064 32
903 2064 22
1055 2064 32
1173 2064 32
1409 2064 26
1414 2064 41
1420 2064 29
1456 2064 25
1470 2064 23
1565 2064 26
2063 2064 25
2180 2064 21
0 2065 25
5 2065 22
9 2065 22
11 2065 23
1536 2065 29
2062 2065 28
2066 2065 31
0 2066 23
5 2066 26
9 2066 21
11 2066 29
67 2066 23
742 2066 23
1444 2066 28
1536 2066 36
1639 2066 21
2062 2066 26
2065 2066 31
2069 2066 22
2300 2067 23
2344 2068 24
0 2069 21
5 2069 21
9 2069 30
907 2069 26
1413 2069 26
1444 2069 25
1536 2069 21
1710 2069 21
1768 2069 21
1783 2069 22
2062 2069 24
2066 2069 22
2178 2069 23
2184 2069 21
0 2070 27
3 2070 23
5 2070 26
9 2070 21
11 2070 26
166 2070 23
1536 2070 32
801 2071 21
871 2071 22
1290 2071 21
2098 2071 24
572 2074 27
599 2074 45
619 2074 30
640 2074 41
689 2074 50
876 2074 33
886 2074 25
892 2074 28
925 2074 28
926 2074 29
937 2074 32
946 2074 34
1067 2074 21
1130 2074 32
1388 2074 32
1407 2074 41
1410 2074 43
1429 2074 47
1440 2074 47
1455 2074 40
1457 2074 22
1475 2074 27
1500 2074 29
1567 2074 41
1572 2074 35
1900 2074 29
1906 2074 30
1955 2074 38
1957 2074 38
1959 2074 38
1969 2074 27
1983 2074 41
2003 2074 35
2078 2074 29
2539 2074 27
2586 2074 35
596 2075 23
875 2075 23
877 2075 27
938 2075 30
1068 2075 32
1405 2075 30
1406 2075 32
1901 2075 24
1907 2075 23
1956 2075 22
1970 2075 25
2587 2075 22
1940 2076 21
599 2078 25
640 2078 23
689 2078 29
874 2078 26
892 2078 22
925 2078 34
926 2078 35
1067 2078 41
1407 2078 23
1410 2078 25
1429 2078 27
1440 2078 27
1455 2078 21
1457 2078 25
1567 2078 23
1572 2078 25
1955 2078 22
1957 2078 21
1959 2078 25
1983 2078 23
2074 2078 29
2586 2078 21
596 2079 30
623 2079 23
875 2079 29
877 2079 30
900 2079 26
928 2079 24
938 2079 23
1068 2079 29
1072 2079 26
1159 2079 25
1405 2079 23
1406 2079 29
1430 2079 29
1439 2079 25
1458 2079 25
1476 2079 25
1568 2079 23
1907 2079 23
1956 2079 29
1958 2079 29
1970 2079 23
1996 2079 24
1395 2080 21
2275 2084 21
1764 2086 27
1328 2089 24
2158 2089 21
1824 2090 21
2412 2090 23
463 2093 23
498 2093 21
1644 2093 23
601 2095 23
431 2096 22
871 2098 22
2071 2098 24
2157 2098 22
2294 2098 22
2173 2099 24
2255 2099 21
2293 2099 21
2299 2099 21
2364 2099 24
990 2100 27
1682 2100 21
1687 2100 23
2196 2100 21
2270 2100 21
2117 2101 50
2185 2101 23
2245 2101 21
2402 2101 25
2441 2101 23
2120 2103 23
1356 2104 25
2349 2105 21
2409 2105 24
429 2106 23
1940 2106 21
2161 2106 21
832 2107 24
2315 2107 21
2323 2107 23
2375 2107 21
2465 2107 28
1466 2108 21
2246 2108 23
2326 2108 26
2442 2108 26
30 2110 23
2112 2110 24
1224 2111 21
80 2112 21
252 2112 22
867 2112 24
1735 2112 21
2110 2112 24
2289 2114 22
2343 2114 22
2476 2115 22
1678 2116 26
1704 2116 24
2182 2116 29
2488 2116 21
2101 2117 50
2138 2117 22
2185 2117 27
2245 2117 22
2353 2117 22
2402 2117 25
2441 2117 24
363 2119 27
719 2120 22
2103 2120 23
150 2121 21
1174 2121 21
1138 2122 21
907 2124 21
988 2124 25
671 2126 22
1024 2126 21
1025 2126 21
2472 2126 22
525 2127 28
778 2127 21
455 2128 21
771 2128 32
780 2128 29
967 2128 21
1657 2128 23
637 2129 22
814 2129 23
1099 2129 22
1179 2129 21
1280 2129 30
2302 2129 24
856 2130 29
2235 2130 21
2473 2130 21
848 2131 22
1936 2131 23
798 2132 21
856 2132 25
1736 2132 26
1750 2132 21
1825 2132 23
2171 2132 24
226 2133 23
2190 2133 22
798 2134 25
827 2134 23
853 2134 21
1155 2134 21
1610 2134 22
1739 2134 24
2140 2134 23
2197 2134 22
2251 2134 21
2295 2134 21
2303 2134 21
2325 2134 25
2333 2134 25
2361 2134 22
2437 2134 21
1609 2135 25
1946 2136 24
2483 2136 21
1135 2138 21
1375 2138 22
2117 2138 22
1349 2139 27
1494 2139 27
1933 2139 21
2019 2139 21
2134 2140 23
2197 2140 24
2245 2140 23
2247 2140 23
2303 2140 23
2477 2140 22
1664 2141 21
1858 2141 21
2282 2141 28
727 2142 25
856 2142 21
949 2142 23
1083 2142 21
2148 2142 22
2195 2142 28
2227 2142 32
2229 2142 23
2235 2142 28
2297 2142 22
2323 2142 21
2375 2142 21
2465 2142 21
2469 2142 21
2479 2142 22
2485 2142 22
2155 2143 26
2349 2144 21
1104 2145 21
1467 2145 25
2236 2145 24
2533 2145 28
859 2146 21
2443 2146 23
1745 2147 21
1755 2147 21
1843 2147 21
2278 2147 24
2434 2147 22
2518 2147 21
613 2148 21
1587 2148 22
1739 2148 29
1784 2148 24
2142 2148 22
2195 2148 26
2227 2148 22
2235 2148 23
2437 2148 23
2443 2148 22
2465 2148 21
2541 2148 23
633 2149 21
850 2149 21
1621 2149 22
1698 2149 21
2468 2149 21
1642 2150 24
2219 2150 21
2225 2150 23
2172 2151 23
2314 2151 30
2362 2151 21
1168 2153 21
1602 2155 23
2143 2155 26
1606 2156 23
1946 2156 21
2197 2156 21
2315 2156 21
2423 2156 31
2433 2156 23
2465 2156 21
2514 2156 21
1340 2157 21
1619 2157 23
2098 2157 22
410 2158 23
605 2158 25
798 2158 26
2089 2158 21
2269 2158 21
2295 2158 21
2313 2158 21
2317 2158 22
2337 2158 27
2400 2158 23
2437 2158 26
2449 2158 22
2214 2159 21
798 2160 21
1672 2160 21
2209 2160 21
2307 2160 21
2479 2160 22
2106 2161 21
2194 2161 23
2396 2161 22
671 2163 24
1585 2163 23
2398 2163 24
2434 2163 22
2527 2163 26
695 2164 23
1946 2164 22
2221 2164 25
2295 2164 21
2331 2164 21
2437 2164 22
2449 2164 24
2479 2164 25
2044 2165 22
1341 2166 21
1941 2166 23
2299 2166 21
2433 2166 22
1360 2167 23
1622 2167 23
2172 2167 22
101 2168 21
240 2168 21
1228 2168 24
2196 2168 21
2252 2168 26
2527 2168 21
2255 2169 21
2419 2169 21
1382 2170 29
1602 2170 23
2476 2170 21
1099 2171 21
2132 2171 24
2189 2171 23
2227 2171 27
2441 2171 22
2485 2171 21
1647 2172 21
2151 2172 23
2167 2172 22
2192 2172 21
2396 2172 21
1642 2173 21
2099 2173 24
2225 2173 24
2255 2173 23
852 2174 22
2226 2174 22
2302 2174 21
660 2175 21
1842 2175 22
1941 2175 23
2189 2175 22
2367 2175 26
2427 2175 24
1801 2176 21
2234 2176 21
2264 2176 29
2320 2176 24
90 2177 21
798 2177 21
827 2177 25
853 2177 24
1105 2177 22
2197 2177 22
2203 2177 24
2215 2177 21
2363 2177 23
2465 2177 23
2485 2177 23
1698 2178 21
2069 2178 23
727 2179 23
827 2179 22
1610 2179 25
1934 2179 22
2215 2179 27
2323 2179 21
2465 2179 21
976 2180 22
1414 2180 21
1768 2180 21
2064 2180 21
2314 2180 21
2476 2180 21
798 2181 21
827 2181 21
1105 2181 27
2455 2181 21
2465 2181 22
1154 2182 22
1574 2182 21
1855 2182 23
2116 2182 29
2288 2182 21
344 2183 25
1144 2183 22
648 2184 23
801 2184 24
1222 2184 22
1467 2184 21
1735 2184 21
1815 2184 22
2069 2184 21
2234 2184 21
404 2185 21
1773 2185 23
1842 2185 25
2101 2185 23
2117 2185 27
2245 2185 23
2353 2185 31
2427 2185 21
2441 2185 23
836 2187 21
284 2188 21
1278 2188 21
1533 2188 21
1569 2188 21
1815 2188 26
1902 2188 24
2220 2188 21
2248 2188 26
2306 2188 21
2406 2188 21
798 2189 25
1672 2189 23
1842 2189 21
1919 2189 25
1976 2189 23
2171 2189 23
2175 2189 22
2203 2189 22
2227 2189 26
2317 2189 25
2367 2189 24
2437 2189 24
1255 2190 22
1824 2190 23
2133 2190 22
2314 2190 25
521 2192 21
763 2192 22
2172 2192 21
798 2193 25
2385 2193 23
2161 2194 23
2268 2194 22
2396 2194 21
2456 2194 21
727 2195 22
2142 2195 28
2148 2195 26
2283 2195 24
2285 2195 22
2303 2195 24
2337 2195 22
2369 2195 22
2437 2195 21
2443 2195 21
2485 2195 24
101 2196 21
337 2196 21
1052 2196 22
2100 2196 21
2168 2196 21
2252 2196 24
2430 2196 26
2432 2196 21
351 2197 24
771 2197 23
2134 2197 22
2140 2197 24
2156 2197 21
2177 2197 22
2247 2197 21
2303 2197 24
2465 2197 22
1597 2200 25
1745 2200 21
461 2201 28
487 2201 21
494 2201 21
2291 2201 21
2297 2201 28
2431 2201 21
101 2202 21
871 2202 24
2062 2202 28
2234 2202 22
827 2203 25
2177 2203 24
2189 2203 22
2227 2203 25
1721 2204 32
351 2205 21
1775 2205 21
2325 2205 28
850 2206 21
862 2206 21
1079 2206 21
1621 2206 21
2392 2206 24
1279 2207 24
1284 2207 22
2277 2207 21
2287 2207 22
294 2208 22
1847 2209 26
2160 2209 21
417 2210 22
858 2210 23
1426 2210 23
2296 2210 21
471 2211 23
478 2211 23
2363 2211 21
80 2213 22
1368 2213 22
1069 2214 23
2159 2214 21
2268 2214 24
2396 2214 31
344 2215 26
727 2215 21
827 2215 26
2177 2215 21
2179 2215 27
2323 2215 26
2475 2215 24
233 2217 32
829 2217 22
1735 2218 23
2324 2218 23
2372 2218 23
2392 2218 21
856 2219 21
2150 2219 21
1053 2220 22
1533 2220 22
2188 2220 21
2164 2221 25
2287 2221 21
2469 2221 21
147 2223 22
312 2223 23
878 2223 24
2519 2223 23
343 2224 27
668 2224 22
710 2224 22
1079 2224 28
1207 2224 21
1676 2224 27
2406 2224 23
1606 2225 21
1881 2225 21
2150 2225 23
2173 2225 24
2233 2225 21
1774 2226 21
2174 2226 22
2470 2226 23
856 2227 21
2142 2227 32
2148 2227 22
2171 2227 27
2189 2227 26
2203 2227 25
2235 2227 26
2315 2227 23
2367 2227 24
445 2229 24
853 2229 29
1110 2229 21
1778 2229 21
2142 2229 23
2347 2229 21
89 2230 27
1104 2230 21
1122 2230 22
1227 2230 24
1471 2230 22
2019 2230 21
692 2231 22
815 2232 22
855 2232 28
1178 2232 26
2436 2232 27
2478 2232 24
2529 2232 31
1642 2233 25
2225 2233 21
2259 2233 21
2289 2233 27
101 2234 24
178 2234 21
267 2234 21
748 2234 21
1278 2234 29
1349 2234 21
1494 2234 21
1533 2234 28
1569 2234 34
2176 2234 21
2184 2234 21
2202 2234 22
2236 2234 21
2416 2234 21
856 2235 26
2130 2235 21
2142 2235 28
2148 2235 23
2227 2235 26
2315 2235 21
2437 2235 27
2449 2235 24
708 2236 21
854 2236 21
1383 2236 23
1597 2236 21
1749 2236 22
2145 2236 24
2234 2236 21
2436 2236 21
2478 2236 26
836 2237 28
1187 2237 22
2349 2237 24
2433 2237 23
2439 2237 21
2451 2237 22
1899 2239 28
1919 2239 25
2283 2239 21
2479 2239 21
2302 2240 21
1282 2241 22
652 2242 21
241 2243 24
351 2243 24
1675 2243 21
1952 2243 24
2391 2243 21
1669 2244 21
1922 2244 23
660 2245 21
853 2245 21
2101 2245 21
2117 2245 22
2140 2245 23
2185 2245 23
2402 2245 28
2435 2245 26
1446 2246 21
1536 2246 21
1963 2246 21
2108 2246 23
2442 2246 27
2140 2247 23
2197 2247 21
2455 2247 23
1479 2248 23
2188 2248 26
2306 2248 28
2406 2248 22
1480 2250 27
104 2251 22
853 2251 30
859 2251 21
2134 2251 21
2483 2251 21
101 2252 23
763 2252 21
1605 2252 21
2168 2252 26
2196 2252 24
1736 2253 31
2337 2253 24
2459 2253 21
2477 2253 21
2479 2253 26
1784 2255 24
1946 2255 21
2099 2255 21
2169 2255 21
2173 2255 23
2375 2255 23
2379 2255 22
2465 2255 23
2473 2255 21
1623 2256 30
1777 2256 22
1805 2256 21
1940 2256 22
2414 2256 22
662 2257 22
1083 2257 22
2348 2258 21
1248 2259 21
1642 2259 22
2233 2259 21
510 2260 21
889 2260 21
2398 2260 25
1680 2261 21
1814 2261 22
396 2262 23
2176 2264 29
2344 2264 22
411 2265 30
798 2265 21
1946 2265 24
2479 2265 21
1178 2266 23
1686 2266 21
2296 2266 23
2450 2266 35
2583 2266 24
1248 2267 30
1364 2267 23
1946 2267 22
2331 2267 22
2341 2267 26
2465 2267 21
194 2268 22
1383 2268 21
2194 2268 22
2214 2268 24
410 2269 21
798 2269 24
856 2269 24
2158 2269 21
2301 2269 21
2319 2269 23
2323 2269 22
2351 2269 23
2475 2269 21
1520 2270 21
2100 2270 21
2336 2270 22
853 2271 21
1105 2271 23
1750 2271 24
1946 2271 22
1619 2272 21
2055 2272 23
846 2274 24
1554 2274 22
2442 2274 21
825 2275 24
1207 2275 23
2084 2275 21
2297 2275 21
2207 2277 21
36 2278 27
2147 2278 24
1155 2279 27
2463 2279 22
1278 2282 24
1533 2282 25
2141 2282 28
90 2283 23
1248 2283 22
1919 2283 23
2195 2283 24
2239 2283 21
2285 2283 26
2463 2283 22
90 2285 24
851 2285 21
1279 2285 21
2195 2285 22
2283 2285 26
2387 2285 21
2419 2285 25
2463 2285 22
2465 2285 21
2398 2286 21
669 2287 24
861 2287 24
1279 2287 22
2011 2287 22
2207 2287 22
2221 2287 21
2297 2287 22
2182 2288 21
1379 2289 26
2114 2289 22
2233 2289 27
2477 2289 23
1623 2290 21
1942 2290 24
2201 2291 21
2305 2291 22
523 2292 24
871 2292 25
1092 2292 22
1283 2292 21
1540 2292 23
2434 2292 23
2462 2292 21
1789 2293 22
2099 2293 21
1843 2294 23
2098 2294 22
2328 2294 21
2538 2294 22
798 2295 33
1606 2295 30
1739 2295 25
1941 2295 21
1946 2295 24
2134 2295 21
2158 2295 21
2164 2295 21
2301 2295 22
2331 2295 24
2337 2295 21
2341 2295 21
2343 2295 24
2437 2295 29
2439 2295 32
2449 2295 21
2479 2295 25
1178 2296 21
1918 2296 22
2210 2296 21
2266 2296 23
2372 2296 21
2468 2296 21
2583 2296 21
761 2297 21
798 2297 21
2021 2297 21
2142 2297 22
2201 2297 28
2275 2297 21
2287 2297 22
2479 2297 21
2350 2298 21
2099 2299 21
2166 2299 21
2413 2299 22
2463 2299 21
852 2300 23
2067 2300 23
2314 2300 28
2368 2300 22
2450 2300 24
709 2301 22
798 2301 26
1976 2301 22
2269 2301 21
2295 2301 22
2367 2301 24
2437 2301 22
1671 2302 22
2053 2302 23
2129 2302 24
2174 2302 21
2240 2302 21
351 2303 23
798 2303 27
827 2303 23
1364 2303 25
1841 2303 21
2134 2303 21
2140 2303 23
2195 2303 24
2197 2303 24
2361 2303 21
2437 2303 22
2485 2303 21
243 2304 22
291 2304 21
2291 2305 22
2188 2306 21
2248 2306 28
2406 2306 29
578 2307 22
2160 2307 21
2325 2307 26
850 2308 28
2480 2308 21
1153 2310 22
1745 2310 26
1087 2313 22
2158 2313 21
2381 2313 24
2479 2313 21
2151 2314 30
2180 2314 21
2190 2314 25
2300 2314 28
856 2315 21
1672 2315 26
2107 2315 21
2156 2315 21
2227 2315 23
2235 2315 21
2325 2315 21
2375 2315 24
2397 2315 31
1773 2317 22
2158 2317 22
2189 2317 25
2269 2319 23
403 2320 21
2176 2320 24
351 2323 22
798 2323 26
856 2323 25
1784 2323 23
1946 2323 22
2107 2323 23
2142 2323 21
2179 2323 21
2215 2323 26
2269 2323 22
2329 2323 23
2343 2323 22
2379 2323 23
2400 2323 22
2433 2323 22
2437 2323 23
2465 2323 28
2475 2323 35
2479 2323 25
797 2324 21
1104 2324 21
2218 2324 23
2392 2324 21
2134 2325 25
2205 2325 28
2307 2325 26
2315 2325 21
2495 2325 21
178 2326 22
629 2326 22
1338 2326 25
1349 2326 25
1494 2326 25
2108 2326 26
2442 2326 23
2514 2327 21
1843 2328 22
2294 2328 21
48 2329 23
2323 2329 23
2449 2329 21
2451 2329 24
826 2330 21
2527 2330 21
2164 2331 21
2267 2331 22
2295 2331 24
2333 2331 28
2341 2331 21
2479 2331 23
878 2333 22
1418 2333 24
2134 2333 25
2331 2333 28
2453 2333 25
2455 2333 21
1510 2334 22
2351 2335 21
2367 2335 21
1612 2336 23
2270 2336 22
1793 2337 21
2158 2337 27
2195 2337 22
2253 2337 24
2295 2337 21
2405 2337 23
2437 2337 22
2449 2337 21
89 2338 21
1053 2338 22
1069 2338 21
2267 2341 26
2295 2341 21
2331 2341 21
2349 2341 28
2357 2341 22
1042 2342 21
1353 2342 29
2529 2342 23
727 2343 21
798 2343 22
1934 2343 22
2114 2343 22
2295 2343 24
2323 2343 22
2443 2343 23
2477 2343 28
2479 2343 21
726 2344 25
1726 2344 24
2068 2344 24
2264 2344 22
2583 2344 22
1141 2346 27
1775 2347 22
2229 2347 21
2445 2347 26
1744 2348 22
2258 2348 21
2392 2348 21
1190 2349 21
1773 2349 21
1841 2349 29
1913 2349 22
1919 2349 22
2105 2349 21
2144 2349 21
2237 2349 24
2341 2349 28
2433 2349 21
2451 2349 22
797 2350 23
2298 2350 21
2269 2351 23
2335 2351 21
1868 2353 24
2117 2353 22
2185 2353 31
630 2357 23
2341 2357 22
1781 2358 24
998 2359 21
827 2361 22
2134 2361 22
2303 2361 21
2151 2362 21
691 2363 22
2177 2363 23
2211 2363 21
2099 2364 24
2517 2364 21
2466 2366 25
798 2367 24
859 2367 22
878 2367 21
1941 2367 23
1976 2367 21
2175 2367 26
2189 2367 24
2227 2367 24
2301 2367 24
2335 2367 21
2475 2367 21
1569 2368 21
2300 2368 22
2372 2368 30
637 2369 21
1642 2369 25
2195 2369 22
2409 2369 21
2433 2369 24
2447 2369 23
1467 2370 21
2482 2370 22
1312 2371 22
2409 2371 24
2501 2371 24
909 2372 23
1278 2372 21
2218 2372 23
2296 2372 21
2368 2372 30
253 2374 22
1326 2374 21
1893 2375 22
2107 2375 21
2142 2375 21
2255 2375 23
2315 2375 24
2389 2375 27
2464 2378 23
2255 2379 22
2323 2379 23
1894 2380 24
2313 2381 24
32 2384 29
1146 2384 22
1544 2384 21
2193 2385 23
296 2386 21
1114 2386 21
2390 2386 21
2285 2387 21
2391 2387 29
1819 2388 22
74 2389 23
845 2389 25
2375 2389 27
2419 2389 21
2386 2390 21
90 2391 22
1210 2391 21
1642 2391 22
2243 2391 21
2387 2391 29
797 2392 25
871 2392 25
1117 2392 23
1677 2392 21
1735 2392 25
1925 2392 22
2206 2392 24
2218 2392 21
2324 2392 21
2348 2392 21
2394 2392 22
847 2393 22
1806 2393 21
1360 2394 21
2392 2394 22
841 2396 21
887 2396 22
1069 2396 21
1079 2396 23
1309 2396 21
2161 2396 22
2172 2396 21
2194 2396 21
2214 2396 31
2410 2396 21
2470 2396 25
2476 2396 25
1739 2397 22
2315 2397 31
633 2398 32
848 2398 21
1141 2398 27
1509 2398 24
1698 2398 21
2163 2398 24
2260 2398 25
2286 2398 21
2434 2398 21
1609 2399 24
410 2400 22
1214 2400 22
2158 2400 23
2323 2400 22
2476 2401 21
2101 2402 25
2117 2402 25
2245 2402 28
1070 2405 23
2337 2405 23
377 2406 25
1079 2406 23
1676 2406 23
2188 2406 21
2224 2406 23
2248 2406 22
2306 2406 29
811 2408 23
1316 2408 25
2488 2408 24
514 2409 21
1256 2409 23
1881 2409 21
2105 2409 24
2369 2409 21
2371 2409 24
1692 2410 30
1838 2410 24
2396 2410 21
2470 2410 21
2090 2412 23
1764 2413 23
2299 2413 22
2256 2414 22
2234 2416 21
2459 2417 21
1104 2418 21
845 2419 24
2169 2419 21
2285 2419 25
2389 2419 21
150 2420 21
1166 2420 24
1417 2420 21
2156 2423 31
2429 2423 22
2433 2423 22
1179 2424 23
1043 2426 21
1734 2426 21
1860 2426 21
2478 2426 24
859 2427 22
1225 2427 22
2175 2427 24
2185 2427 21
1117 2428 22
1490 2428 24
1945 2428 22
2452 2428 21
437 2429 22
654 2429 23
1416 2429 21
2423 2429 22
2196 2430 26
1225 2431 22
2201 2431 21
2467 2431 32
934 2432 22
2196 2432 21
344 2433 22
1248 2433 22
1611 2433 21
1784 2433 21
2156 2433 23
2166 2433 22
2237 2433 23
2323 2433 22
2349 2433 21
2369 2433 24
2423 2433 22
2451 2433 26
852 2434 24
1094 2434 21
1228 2434 22
1585 2434 22
1647 2434 23
1719 2434 21
1843 2434 35
1918 2434 22
2054 2434 21
2147 2434 22
2163 2434 22
2292 2434 23
2398 2434 21
2462 2434 28
722 2435 21
1606 2435 24
1691 2435 24
2245 2435 26
855 2436 22
1749 2436 21
2232 2436 27
2236 2436 21
2478 2436 23
798 2437 34
861 2437 23
949 2437 25
1606 2437 23
1739 2437 22
1941 2437 22
1946 2437 24
2134 2437 21
2148 2437 23
2158 2437 26
2164 2437 22
2189 2437 24
2195 2437 21
2235 2437 27
2295 2437 29
2301 2437 22
2303 2437 22
2323 2437 23
2337 2437 22
2449 2437 33
2479 2437 23
1010 2438 22
1178 2438 23
798 2439 26
1739 2439 22
1946 2439 21
2237 2439 21
2295 2439 32
2479 2439 29
1773 2441 31
1893 2441 21
2101 2441 23
2117 2441 24
2171 2441 22
2185 2441 23
2449 2441 23
521 2442 21
1338 2442 22
1349 2442 22
1494 2442 22
1942 2442 23
2108 2442 26
2246 2442 27
2274 2442 21
2326 2442 23
727 2443 23
2146 2443 23
2148 2443 22
2195 2443 21
2343 2443 23
412 2444 23
2347 2445 26
1670 2447 23
2369 2447 23
133 2449 21
798 2449 27
1046 2449 24
1750 2449 22
2158 2449 22
2164 2449 24
2235 2449 24
2295 2449 21
2329 2449 21
2337 2449 21
2437 2449 33
2441 2449 23
1362 2450 21
2266 2450 35
2300 2450 24
1248 2451 25
2237 2451 22
2329 2451 24
2349 2451 22
2433 2451 26
2428 2452 21
2333 2453 25
849 2455 22
1147 2455 21
2181 2455 21
2247 2455 23
2333 2455 21
2465 2455 21
2194 2456 21
2466 2456 21
1787 2457 23
1467 2458 21
798 2459 23
2253 2459 21
2417 2459 21
2479 2459 30
1014 2461 24
2477 2461 28
1843 2462 22
2292 2462 21
2434 2462 28
2279 2463 22
2283 2463 22
2285 2463 22
2299 2463 21
2465 2463 22
749 2464 24
907 2464 27
1574 2464 21
1628 2464 22
1768 2464 22
1824 2464 23
2378 2464 23
351 2465 25
613 2465 27
727 2465 21
827 2465 21
832 2465 21
849 2465 21
1001 2465 23
1116 2465 26
1248 2465 24
1784 2465 23
2107 2465 28
2142 2465 21
2148 2465 21
2156 2465 21
2177 2465 23
2179 2465 21
2181 2465 22
2197 2465 22
2255 2465 23
2267 2465 21
2285 2465 21
2323 2465 28
2455 2465 21
2463 2465 22
999 2466 35
2366 2466 25
2456 2466 21
1225 2467 23
2431 2467 32
1768 2468 22
1933 2468 22
2149 2468 21
2296 2468 21
2142 2469 21
2221 2469 21
1069 2470 22
1178 2470 21
2226 2470 23
2396 2470 25
2410 2470 21
1577 2472 22
1674 2472 21
2126 2472 22
2130 2473 21
2255 2473 21
1781 2474 23
344 2475 35
1070 2475 22
2215 2475 24
2269 2475 21
2323 2475 35
2367 2475 21
2479 2475 21
2115 2476 22
2170 2476 21
2180 2476 21
2396 2476 25
2401 2476 21
1736 2477 24
2140 2477 22
2253 2477 21
2289 2477 23
2343 2477 28
2461 2477 28
1117 2478 22
1178 2478 22
1695 2478 22
2232 2478 24
2236 2478 26
2426 2478 24
2436 2478 23
798 2479 37
1739 2479 26
1784 2479 21
1941 2479 27
1946 2479 25
2142 2479 22
2160 2479 22
2164 2479 25
2239 2479 21
2253 2479 26
2265 2479 21
2295 2479 25
2297 2479 21
2313 2479 21
2323 2479 25
2331 2479 23
2343 2479 21
2437 2479 23
2439 2479 29
2459 2479 30
2475 2479 21
2514 2479 24
2308 2480 21
509 2481 21
2370 2482 22
1001 2483 22
1675 2483 21
2136 2483 21
2251 2483 21
90 2485 31
235 2485 21
838 2485 21
849 2485 22
1806 2485 21
2142 2485 22
2171 2485 21
2177 2485 23
2195 2485 24
2303 2485 21
919 2487 22
1276 2487 24
1678 2488 21
2116 2488 21
2408 2488 24
192 2489 22
368 2489 22
579 2490 24
1178 2490 22
1652 2490 21
1774 2490 23
179 2491 22
231 2491 29
428 2491 23
2325 2495 21
1060 2496 23
32 2498 21
739 2498 21
1188 2499 24
1526 2500 21
2371 2501 24
907 2502 21
1514 2502 24
2546 2503 24
796 2505 21
966 2505 21
234 2507 21
2522 2507 23
492 2509 28
507 2509 28
1223 2509 21
2156 2514 21
2327 2514 21
2479 2514 24
1312 2516 21
2031 2517 22
2364 2517 21
1345 2518 21
2147 2518 21
2223 2519 23
1433 2520 41
1434 2521 37
2062 2521 21
2507 2522 23
1701 2526 21
1023 2527 21
1178 2527 27
2163 2527 26
2168 2527 21
2330 2527 21
1738 2528 21
1063 2529 21
1178 2529 30
1353 2529 28
1467 2529 24
1768 2529 26
1880 2529 22
2232 2529 31
2342 2529 23
792 2531 22
1945 2533 22
2145 2533 28
431 2536 21
996 2536 22
2294 2538 22
107 2539 22
572 2539 22
599 2539 22
640 2539 21
689 2539 27
886 2539 26
946 2539 24
1130 2539 30
1388 2539 21
1407 2539 21
1410 2539 33
1429 2539 24
1440 2539 24
1455 2539 29
1475 2539 22
1500 2539 27
1567 2539 21
1900 2539 25
1955 2539 21
1957 2539 21
1983 2539 21
2074 2539 27
2586 2539 27
1750 2541 22
2148 2541 23
296 2546 22
298 2546 23
1113 2546 22
1749 2546 23
2503 2546 24
1942 2547 21
886 2548 21
1995 2548 21
1920 2550 23
1356 2552 23
2556 2555 25
2555 2556 25
2577 2564 25
1577 2566 23
1676 2567 22
1509 2568 26
267 2571 21
633 2571 23
1434 2571 21
224 2573 21
312 2573 22
1978 2576 23
2564 2577 25
763 2579 21
1605 2579 21
1768 2579 22
1416 2582 21
1936 2583 27
2266 2583 24
2296 2583 21
2344 2583 22
560 2586 21
599 2586 33
619 2586 21
640 2586 35
689 2586 38
876 2586 24
886 2586 24
892 2586 23
937 2586 29
946 2586 28
1130 2586 41
1388 2586 32
1407 2586 35
1410 2586 28
1429 2586 32
1440 2586 32
1455 2586 25
1500 2586 35
1567 2586 35
1572 2586 23
1900 2586 38
1906 2586 21
1955 2586 32
1957 2586 29
1959 2586 32
1969 2586 21
1983 2586 32
2003 2586 28
2074 2586 35
2078 2586 21
2539 2586 27
