3 0 44
5 0 50
7 0 47
9 0 50
11 0 50
67 0 41
166 0 43
168 0 37
1536 0 32
13 1 32
6 2 41
10 2 41
0 3 44
5 3 50
7 3 38
9 3 35
11 3 35
67 3 35
166 3 37
168 3 40
1536 3 32
8 4 35
12 4 41
13 4 34
68 4 37
0 5 50
3 5 50
7 5 38
9 5 41
11 5 41
67 5 41
166 5 40
168 5 37
1536 5 41
2 6 41
0 7 47
3 7 38
5 7 38
9 7 38
11 7 38
166 7 34
168 7 32
4 8 35
0 9 50
3 9 35
5 9 41
7 9 38
11 9 41
67 9 35
166 9 34
2 10 41
0 11 50
3 11 35
5 11 41
7 11 38
9 11 41
67 11 38
166 11 41
168 11 35
1536 11 31
4 12 41
1 13 32
4 13 34
171 14 42
251 16 32
85 17 32
252 17 33
27 18 50
61 18 44
82 18 59
385 18 47
27 20 31
383 20 53
25 23 51
26 24 31
23 25 51
24 26 31
18 27 50
20 27 31
61 27 41
82 27 50
383 27 31
385 27 50
173 33 34
174 34 48
37 35 41
35 37 41
59 39 36
289 41 39
176 45 48
266 49 50
102 50 50
177 50 33
287 50 50
103 51 42
288 51 50
39 59 36
554 59 45
18 61 44
27 61 41
82 61 41
385 61 44
0 67 41
3 67 35
5 67 41
9 67 35
11 67 38
166 67 39
168 67 39
4 68 37
71 69 50
110 69 36
281 69 33
282 70 33
69 71 50
110 71 39
281 71 33
266 76 32
84 79 57
1247 79 36
18 82 59
27 82 50
61 82 41
385 82 44
79 84 57
1247 84 41
17 85 32
252 85 36
146 86 48
374 88 50
129 92 44
130 93 59
813 95 35
225 97 45
210 98 33
357 99 47
177 100 39
178 101 33
267 101 41
50 102 50
287 102 47
51 103 42
288 103 36
109 108 33
108 109 33
69 110 36
71 110 39
112 110 53
110 112 53
281 112 31
273 114 33
118 116 42
120 116 45
446 116 36
143 117 38
116 118 42
120 118 33
446 118 53
116 120 45
118 120 33
92 129 44
93 130 59
139 133 47
133 139 47
117 143 38
86 146 48
256 165 33
388 165 33
0 166 43
3 166 37
5 166 40
7 166 34
9 166 34
11 166 41
67 166 39
168 166 44
0 168 37
3 168 40
5 168 37
7 168 32
11 168 35
67 168 39
166 168 44
253 170 38
14 171 42
33 173 34
34 174 48
1277 174 32
45 176 48
50 177 33
100 177 39
287 177 33
101 178 33
267 178 34
286 188 44
368 192 55
354 193 51
230 197 36
269 201 48
388 201 36
98 210 33
357 211 31
97 225 45
197 230 36
428 231 45
792 246 32
442 248 37
443 249 41
16 251 32
17 252 33
85 252 36
170 253 38
729 254 51
165 256 33
49 266 50
76 266 32
101 267 41
178 267 34
201 269 48
388 269 34
301 271 46
303 271 48
305 271 50
319 271 31
114 273 33
275 273 32
273 275 32
808 279 41
809 280 50
69 281 33
71 281 33
112 281 31
70 282 33
188 286 44
50 287 50
102 287 47
177 287 33
51 288 50
103 288 36
41 289 39
515 293 32
299 297 53
297 299 53
304 300 36
271 301 46
303 301 48
305 301 48
271 303 48
301 303 48
305 303 51
300 304 36
271 305 50
301 305 48
303 305 51
315 305 32
1795 305 31
407 308 36
545 308 34
324 309 43
305 315 32
1795 315 36
271 319 31
805 320 47
309 324 43
408 324 31
376 328 44
1565 328 32
332 330 36
699 330 48
717 330 33
330 332 36
770 334 40
2475 344 35
193 354 51
99 357 47
211 357 31
192 368 55
88 374 50
328 376 44
1565 376 32
20 383 53
27 383 31
18 385 47
27 385 50
61 385 44
82 385 44
165 388 33
201 388 36
269 388 34
694 389 54
516 391 39
703 397 36
308 407 36
324 408 31
546 416 45
547 417 33
231 428 45
1119 437 33
804 440 38
248 442 37
249 443 41
116 446 36
118 446 53
463 451 43
472 451 45
476 451 31
470 452 33
474 452 35
475 452 35
477 452 37
479 452 37
497 452 35
457 455 39
504 455 31
458 456 32
464 456 32
468 456 32
493 456 32
501 456 32
503 456 32
746 456 41
455 457 39
465 457 32
476 457 37
456 458 32
464 458 59
468 458 59
470 458 48
474 458 50
475 458 50
477 458 41
479 458 31
493 458 59
497 458 50
501 458 59
503 458 59
465 459 45
476 459 36
482 459 31
488 459 31
490 459 31
499 459 33
504 459 42
466 460 41
476 461 34
487 461 36
490 461 41
470 462 32
474 462 34
475 462 34
477 462 35
497 462 34
451 463 43
467 463 36
472 463 52
473 463 33
476 463 35
484 463 37
490 463 35
456 464 32
458 464 59
468 464 59
470 464 48
474 464 50
475 464 50
477 464 41
479 464 31
493 464 59
497 464 50
501 464 59
503 464 59
457 465 32
459 465 45
476 465 45
482 465 37
488 465 37
490 465 37
499 465 40
504 465 49
460 466 41
463 467 36
472 467 33
473 467 37
494 467 35
496 467 35
456 468 32
458 468 59
464 468 59
470 468 48
474 468 50
475 468 50
477 468 41
479 468 31
493 468 59
497 468 50
501 468 59
503 468 59
476 469 31
485 469 33
452 470 33
458 470 48
462 470 32
464 470 48
468 470 48
474 470 57
475 470 57
477 470 48
479 470 42
493 470 48
497 470 57
501 470 48
503 470 48
498 471 33
500 471 33
451 472 45
463 472 52
467 472 33
473 472 33
476 472 37
484 472 37
490 472 35
463 473 33
467 473 37
472 473 33
484 473 37
494 473 35
496 473 32
452 474 35
458 474 50
462 474 34
464 474 50
468 474 50
470 474 57
475 474 59
477 474 50
479 474 40
493 474 50
497 474 59
501 474 50
503 474 50
452 475 35
458 475 50
462 475 34
464 475 50
468 475 50
470 475 57
474 475 59
477 475 50
479 475 40
493 475 50
497 475 59
501 475 50
503 475 50
451 476 31
457 476 37
459 476 36
461 476 34
463 476 35
465 476 45
469 476 31
472 476 37
478 476 32
487 476 34
490 476 46
492 476 38
499 476 31
504 476 40
507 476 38
452 477 37
458 477 41
462 477 35
464 477 41
468 477 41
470 477 48
474 477 50
475 477 50
479 477 39
493 477 41
497 477 50
501 477 41
503 477 41
476 478 32
485 478 33
490 478 44
502 478 32
504 478 31
452 479 37
458 479 31
464 479 31
468 479 31
470 479 42
474 479 40
475 479 40
477 479 39
493 479 31
497 479 40
501 479 31
503 479 31
746 479 32
498 480 44
500 480 31
459 482 31
465 482 37
485 482 36
488 482 59
490 482 41
499 482 54
502 482 35
504 482 45
463 484 37
472 484 37
473 484 37
490 484 34
500 484 32
469 485 33
478 485 33
482 485 36
488 485 36
490 485 41
499 485 31
502 485 38
504 485 31
495 486 44
505 486 44
461 487 36
476 487 34
490 487 31
459 488 31
465 488 37
482 488 59
485 488 36
490 488 41
499 488 54
502 488 35
504 488 45
459 490 31
461 490 41
463 490 35
465 490 37
472 490 35
476 490 46
478 490 44
482 490 41
484 490 34
485 490 41
487 490 31
488 490 41
499 490 36
502 490 41
504 490 45
476 492 38
507 492 47
456 493 32
458 493 59
464 493 59
468 493 59
470 493 48
474 493 50
475 493 50
477 493 41
479 493 31
497 493 50
501 493 59
503 493 59
467 494 35
473 494 35
496 494 36
486 495 44
505 495 53
467 496 35
473 496 32
494 496 36
452 497 35
458 497 50
462 497 34
464 497 50
468 497 50
470 497 57
474 497 59
475 497 59
477 497 50
479 497 40
493 497 50
501 497 50
503 497 50
471 498 33
480 498 44
500 498 36
459 499 33
465 499 40
476 499 31
482 499 54
485 499 31
488 499 54
490 499 36
504 499 48
471 500 33
480 500 31
484 500 32
498 500 36
456 501 32
458 501 59
464 501 59
468 501 59
470 501 48
474 501 50
475 501 50
477 501 41
479 501 31
493 501 59
497 501 50
503 501 59
478 502 32
482 502 35
485 502 38
488 502 35
490 502 41
504 502 33
456 503 32
458 503 59
464 503 59
468 503 59
470 503 48
474 503 50
475 503 50
477 503 41
479 503 31
493 503 59
497 503 50
501 503 59
455 504 31
459 504 42
465 504 49
476 504 40
478 504 31
482 504 45
485 504 31
488 504 45
490 504 45
499 504 48
502 504 33
486 505 44
495 505 53
476 507 38
492 507 47
1800 509 36
512 510 43
514 510 39
513 511 32
515 511 36
1253 511 41
510 512 43
511 513 32
515 513 48
510 514 39
293 515 32
511 515 36
513 515 48
391 516 39
967 524 35
969 524 60
1167 533 35
1167 535 39
308 545 34
416 546 45
417 547 33
570 548 40
59 554 45
548 570 40
619 572 31
640 572 31
1407 572 31
1475 572 55
1567 572 31
596 573 33
1956 573 35
573 596 33
623 596 37
641 596 37
877 596 34
928 596 35
938 596 32
1072 596 33
1405 596 32
1421 596 32
1458 596 37
1568 596 35
1956 596 46
1996 596 33
2079 596 34
640 599 39
689 599 48
876 599 34
937 599 31
946 599 32
1407 599 39
1410 599 39
1567 599 39
1955 599 35
1959 599 36
1969 599 35
2003 599 36
2074 599 31
2586 599 33
1404 605 48
572 619 31
640 619 37
689 619 31
876 619 34
892 619 31
946 619 35
1407 619 37
1475 619 31
1567 619 37
1955 619 33
1959 619 38
2003 619 32
596 623 37
877 623 32
928 623 33
1458 623 33
1568 623 31
1956 623 42
1996 623 33
2079 623 33
572 640 31
599 640 39
619 640 37
689 640 44
876 640 43
886 640 35
892 640 38
937 640 39
946 640 46
1130 640 31
1388 640 35
1407 640 53
1410 640 35
1475 640 31
1567 640 53
1900 640 32
1955 640 43
1959 640 50
1969 640 37
1983 640 35
2003 640 46
2586 640 35
596 641 37
1956 641 38
1402 676 51
599 689 48
619 689 31
640 689 44
876 689 34
937 689 33
946 689 37
1388 689 35
1407 689 44
1410 689 44
1455 689 31
1567 689 44
1955 689 40
1959 689 41
2003 689 37
2074 689 35
2586 689 38
1458 690 32
2587 690 35
389 694 54
330 699 48
717 699 32
397 703 36
330 717 33
699 717 32
1403 723 32
254 729 51
982 730 31
1427 730 36
752 743 46
456 746 41
479 746 32
1201 750 43
1414 751 42
1420 751 42
743 752 46
334 770 40
2533 786 31
246 792 32
2295 798 32
2437 798 33
2479 798 48
440 804 38
320 805 47
279 808 41
280 809 50
95 813 35
1805 862 34
1983 874 32
1901 875 34
599 876 34
619 876 34
640 876 43
689 876 34
886 876 31
892 876 35
937 876 34
946 876 40
1407 876 43
1410 876 31
1567 876 43
1955 876 33
1959 876 42
1969 876 34
2003 876 37
596 877 34
623 877 32
928 877 38
1439 877 36
1458 877 37
1476 877 33
1568 877 35
1956 877 40
1996 877 35
640 886 35
876 886 31
892 886 32
946 886 44
1407 886 35
1410 886 37
1567 886 35
1959 886 35
619 892 31
640 892 38
876 892 35
886 892 32
937 892 35
946 892 34
1407 892 38
1567 892 38
1959 892 43
1969 892 35
2003 892 32
1159 900 35
1158 920 56
1429 920 35
1440 920 35
1457 920 34
1477 920 56
1957 920 33
1410 925 34
1455 925 31
1957 925 32
1983 925 32
2074 925 41
2078 925 35
1429 926 35
1440 926 35
1572 926 34
596 928 35
623 928 33
877 928 38
1458 928 51
1568 928 49
1956 928 42
1958 928 40
1970 928 32
1996 928 49
2079 928 34
2587 928 36
1549 933 50
599 937 31
640 937 39
689 937 33
876 937 34
892 937 35
946 937 32
1388 937 33
1407 937 39
1567 937 39
1959 937 36
2003 937 33
596 938 32
1072 938 40
1405 938 56
1430 938 31
1956 938 31
2075 938 39
1041 945 35
599 946 32
619 946 35
640 946 46
689 946 37
876 946 40
886 946 44
892 946 34
937 946 32
1388 946 31
1407 946 46
1410 946 44
1567 946 46
1955 946 39
1959 946 46
1983 946 31
2003 946 39
1964 961 38
968 966 42
524 967 35
969 967 33
966 968 42
524 969 60
967 969 33
730 982 31
1146 982 41
1974 1027 31
945 1041 35
1409 1055 36
2064 1055 32
1080 1068 36
1406 1068 62
596 1072 33
938 1072 40
1405 1072 40
1901 1072 31
1956 1072 33
1068 1080 36
1406 1080 36
1364 1083 41
1365 1084 38
437 1119 33
640 1130 31
1407 1130 31
1567 1130 31
2003 1130 31
1727 1137 31
982 1146 41
920 1158 56
1429 1158 35
1440 1158 35
1457 1158 34
1477 1158 56
1957 1158 33
900 1159 35
1439 1159 32
1476 1159 33
1907 1159 32
533 1167 35
535 1167 39
2522 1169 32
2266 1178 31
2583 1178 33
750 1201 43
79 1247 36
84 1247 41
511 1253 41
2409 1256 31
174 1277 32
1348 1337 59
1496 1337 59
1497 1337 41
1349 1338 49
1494 1338 49
1337 1348 59
1496 1348 59
1497 1348 41
1338 1349 49
1494 1349 58
1083 1364 41
1084 1365 38
640 1388 35
689 1388 35
937 1388 33
946 1388 31
1407 1388 35
1567 1388 35
1955 1388 40
1959 1388 33
2586 1388 32
1533 1390 33
676 1402 51
723 1403 32
605 1404 48
596 1405 32
938 1405 56
1072 1405 40
1430 1405 31
1956 1405 31
2075 1405 39
1068 1406 62
1080 1406 36
572 1407 31
599 1407 39
619 1407 37
640 1407 53
689 1407 44
876 1407 43
886 1407 35
892 1407 38
937 1407 39
946 1407 46
1130 1407 31
1388 1407 35
1410 1407 35
1475 1407 31
1567 1407 53
1900 1407 32
1955 1407 43
1959 1407 50
1969 1407 37
1983 1407 35
2003 1407 46
2586 1407 35
1055 1409 36
2063 1409 33
599 1410 39
640 1410 35
689 1410 44
876 1410 31
886 1410 37
925 1410 34
946 1410 44
1407 1410 35
1567 1410 35
1955 1410 34
1959 1410 35
2074 1410 31
2539 1410 33
751 1414 42
1420 1414 35
751 1420 42
1414 1420 35
596 1421 32
1439 1421 35
1476 1421 34
1956 1421 32
730 1427 36
920 1429 35
926 1429 35
1158 1429 35
1440 1429 47
1477 1429 35
1572 1429 35
2074 1429 33
938 1430 31
1405 1430 31
2520 1433 40
2521 1434 37
877 1439 36
1159 1439 32
1421 1439 35
1476 1439 44
1956 1439 33
920 1440 35
926 1440 35
1158 1440 35
1429 1440 47
1477 1440 35
1572 1440 35
2074 1440 33
689 1455 31
925 1455 31
1983 1455 31
2074 1455 40
2078 1455 31
920 1457 34
1158 1457 34
1477 1457 34
596 1458 37
623 1458 33
690 1458 32
877 1458 37
928 1458 51
1568 1458 51
1956 1458 44
1958 1458 40
1970 1458 31
1996 1458 49
2079 1458 35
2587 1458 38
2542 1462 38
572 1475 55
619 1475 31
640 1475 31
1407 1475 31
1567 1475 31
877 1476 33
1159 1476 33
1421 1476 34
1439 1476 44
1956 1476 31
920 1477 56
1158 1477 56
1429 1477 35
1440 1477 35
1457 1477 34
1957 1477 33
1338 1494 49
1349 1494 58
1337 1496 59
1348 1496 59
1497 1496 41
1337 1497 41
1348 1497 41
1496 1497 41
1983 1500 39
1622 1531 34
1390 1533 33
1569 1533 32
0 1536 32
3 1536 32
5 1536 41
11 1536 31
1737 1547 35
933 1549 50
328 1565 32
376 1565 32
572 1567 31
599 1567 39
619 1567 37
640 1567 53
689 1567 44
876 1567 43
886 1567 35
892 1567 38
937 1567 39
946 1567 46
1130 1567 31
1388 1567 35
1407 1567 53
1410 1567 35
1475 1567 31
1900 1567 32
1955 1567 43
1959 1567 50
1969 1567 37
1983 1567 35
2003 1567 46
2586 1567 35
596 1568 35
623 1568 31
877 1568 35
928 1568 49
1458 1568 51
1956 1568 42
1958 1568 38
1970 1568 33
1996 1568 47
2079 1568 33
2587 1568 36
1533 1569 32
926 1572 34
1429 1572 35
1440 1572 35
1745 1597 32
1531 1622 34
2256 1623 31
1632 1625 51
1634 1630 50
1625 1632 51
1630 1634 50
1797 1670 32
2204 1721 31
1137 1727 31
1547 1737 35
2330 1738 31
1597 1745 32
2441 1773 37
305 1795 31
315 1795 36
1670 1797 32
509 1800 36
862 1805 34
2434 1843 36
640 1900 32
1407 1900 32
1567 1900 32
2003 1900 35
2586 1900 38
875 1901 34
1072 1901 31
1159 1907 32
599 1955 35
619 1955 33
640 1955 43
689 1955 40
876 1955 33
946 1955 39
1388 1955 40
1407 1955 43
1410 1955 34
1567 1955 43
1959 1955 41
2003 1955 39
2586 1955 31
573 1956 35
596 1956 46
623 1956 42
641 1956 38
877 1956 40
928 1956 42
938 1956 31
1072 1956 33
1405 1956 31
1421 1956 32
1439 1956 33
1458 1956 44
1476 1956 31
1568 1956 42
1958 1956 31
1996 1956 40
2079 1956 41
2587 1956 32
920 1957 33
925 1957 32
1158 1957 33
1477 1957 33
1983 1957 41
2074 1957 38
928 1958 40
1458 1958 40
1568 1958 38
1956 1958 31
1996 1958 40
599 1959 36
619 1959 38
640 1959 50
689 1959 41
876 1959 42
886 1959 35
892 1959 43
937 1959 36
946 1959 46
1388 1959 33
1407 1959 50
1410 1959 35
1567 1959 50
1955 1959 41
1969 1959 34
1983 1959 37
2003 1959 43
2074 1959 31
2586 1959 32
961 1964 38
599 1969 35
640 1969 37
876 1969 34
892 1969 35
1407 1969 37
1567 1969 37
1959 1969 34
2003 1969 34
928 1970 32
1458 1970 31
1568 1970 33
1027 1974 31
640 1983 35
874 1983 32
925 1983 32
946 1983 31
1407 1983 35
1455 1983 31
1500 1983 39
1567 1983 35
1957 1983 41
1959 1983 37
2074 1983 41
2078 1983 32
596 1996 33
623 1996 33
877 1996 35
928 1996 49
1458 1996 49
1568 1996 47
1956 1996 40
1958 1996 40
2079 1996 34
2587 1996 34
599 2003 36
619 2003 32
640 2003 46
689 2003 37
876 2003 37
892 2003 32
937 2003 33
946 2003 39
1130 2003 31
1407 2003 46
1567 2003 46
1900 2003 35
1955 2003 39
1959 2003 43
1969 2003 34
2026 2012 35
2012 2026 35
1409 2063 33
1055 2064 32
2066 2065 32
2065 2066 32
599 2074 31
689 2074 35
925 2074 41
1410 2074 31
1429 2074 33
1440 2074 33
1455 2074 40
1957 2074 38
1959 2074 31
1983 2074 41
2078 2074 41
938 2075 39
1405 2075 39
925 2078 35
1455 2078 31
1983 2078 32
2074 2078 41
596 2079 34
623 2079 33
928 2079 34
1458 2079 35
1568 2079 33
1956 2079 41
1996 2079 34
2117 2101 36
2112 2110 35
2110 2112 35
2101 2117 36
2185 2117 32
2301 2164 33
2317 2164 32
2117 2185 32
2514 2197 32
1721 2204 31
2529 2232 32
1623 2256 31
1178 2266 31
2352 2278 31
798 2295 32
2337 2295 32
2164 2301 33
2397 2315 31
2164 2317 32
1738 2330 31
2295 2337 32
2278 2352 31
2315 2397 31
1256 2409 31
1843 2434 36
798 2437 33
2449 2437 33
1773 2441 37
2437 2449 33
344 2475 35
798 2479 48
2546 2503 31
2197 2514 32
1433 2520 40
1434 2521 37
1169 2522 32
2232 2529 32
786 2533 31
1410 2539 33
1462 2542 38
2503 2546 31
1178 2583 33
599 2586 33
640 2586 35
689 2586 38
1388 2586 32
1407 2586 35
1567 2586 35
1900 2586 38
1955 2586 31
1959 2586 32
